2 0.45357142857142857 0.4638095238095238 0.4607142857142857 0.4757142857142857 0.46517857142857144 0.490952380952381 0.46339285714285716 0.5142857142857142 0.46577380952380953 0.54 0.4636904761904762 0.5423809523809524 0.4589285714285714 0.520952380952381 0.45535714285714285 0.5133333333333333 0.4505952380952381 0.5161904761904762 0.44702380952380955 0.5366666666666666 0.44226190476190474 0.54 0.44583333333333336 0.5190476190476191 0.4473214285714286 0.4776190476190476 0.4505952380952381 0.4661904761904762 0.4532738095238095 0.4638095238095238
2 0.7029761904761904 0.3304761904761905 0.7068452380952381 0.3319047619047619 0.7113095238095238 0.35095238095238096 0.7119047619047619 0.3657142857142857 0.7074404761904762 0.38142857142857145 0.705654761904762 0.40190476190476193 0.7023809523809523 0.4023809523809524 0.7014880952380952 0.3933333333333333 0.6970238095238095 0.38285714285714284 0.6961309523809524 0.34809523809523807 0.7011904761904761 0.33904761904761904 0.7029761904761904 0.33095238095238094
2 0.38125 0.5766666666666667 0.38571428571428573 0.5866666666666667 0.4005952380952381 0.5976190476190476 0.4068452380952381 0.6057142857142858 0.4041666666666667 0.6076190476190476 0.3943452380952381 0.6 0.3904761904761905 0.6014285714285714 0.3836309523809524 0.6285714285714286 0.37648809523809523 0.6428571428571429 0.3663690476190476 0.6523809523809524 0.3625 0.6519047619047619 0.3619047619047619 0.6480952380952381 0.3738095238095238 0.6161904761904762 0.3693452380952381 0.611904761904762 0.3761904761904762 0.5985714285714285 0.3776785714285714 0.5904761904761905 0.37648809523809523 0.5804761904761905 0.38095238095238093 0.5766666666666667
2 0.7348214285714286 0.5704761904761905 0.7377976190476191 0.5742857142857143 0.7410714285714286 0.5919047619047619 0.743452380952381 0.6223809523809524 0.750297619047619 0.6542857142857142 0.7488095238095238 0.659047619047619 0.7461309523809524 0.6576190476190477 0.7419642857142857 0.6395238095238095 0.7377976190476191 0.6314285714285715 0.7330357142857142 0.6371428571428571 0.7309523809523809 0.6538095238095238 0.7241071428571428 0.650952380952381 0.7273809523809524 0.6452380952380953 0.7300595238095238 0.6142857142857143 0.7291666666666666 0.5928571428571429 0.7306547619047619 0.5719047619047619 0.7345238095238096 0.5704761904761905
2 0.5565476190476191 0.4738095238095238 0.5607142857142857 0.4838095238095238 0.5574404761904762 0.5414285714285715 0.5535714285714286 0.5395238095238095 0.5529761904761905 0.5204761904761904 0.5502976190476191 0.5138095238095238 0.5473214285714286 0.5166666666666667 0.5473214285714286 0.5328571428571428 0.5431547619047619 0.5385714285714286 0.5383928571428571 0.5361904761904762 0.5419642857142857 0.53 0.5416666666666666 0.5152380952380953 0.5452380952380952 0.4980952380952381 0.544345238095238 0.47619047619047616 0.5464285714285714 0.4666666666666667 0.5505952380952381 0.46285714285714286 0.55625 0.4738095238095238
2 0.10238095238095238 0.4633333333333333 0.10654761904761904 0.4666666666666667 0.1074404761904762 0.5019047619047619 0.1056547619047619 0.5261904761904762 0.10714285714285714 0.540952380952381 0.11011904761904762 0.5466666666666666 0.10386904761904762 0.5466666666666666 0.0988095238095238 0.5285714285714286 0.09732142857142857 0.5380952380952381 0.09851190476190476 0.5519047619047619 0.09494047619047619 0.5528571428571428 0.09255952380952381 0.5485714285714286 0.09166666666666666 0.4866666666666667 0.10208333333333333 0.4638095238095238
2 0.15148809523809523 0.3280952380952381 0.15595238095238095 0.3419047619047619 0.15625 0.3661904761904762 0.14583333333333334 0.38857142857142857 0.14404761904761904 0.39904761904761904 0.14047619047619048 0.3961904761904762 0.14464285714285716 0.37714285714285717 0.1431547619047619 0.34523809523809523 0.14821428571428572 0.33095238095238094 0.15119047619047618 0.3280952380952381
2 0.4220238095238095 0.4938095238095238 0.43214285714285716 0.5095238095238095 0.4357142857142857 0.5219047619047619 0.4354166666666667 0.5371428571428571 0.43214285714285716 0.5461904761904762 0.4354166666666667 0.5647619047619048 0.43214285714285716 0.5704761904761905 0.4297619047619048 0.569047619047619 0.4294642857142857 0.5604761904761905 0.42529761904761904 0.5542857142857143 0.42232142857142857 0.5604761904761905 0.41785714285714287 0.560952380952381 0.4160714285714286 0.5580952380952381 0.41964285714285715 0.5514285714285714 0.4244047619047619 0.5304761904761904 0.4244047619047619 0.52 0.41785714285714287 0.5004761904761905 0.41845238095238096 0.49523809523809526 0.4217261904761905 0.4938095238095238
2 0.1587797619047619 0.39357142857142857 0.01755952380952381 0.07095238095238095
2 0.4601190476190476 0.3871428571428571 0.47023809523809523 0.3976190476190476 0.47708333333333336 0.4180952380952381 0.47708333333333336 0.4219047619047619 0.4711309523809524 0.4257142857142857 0.4720238095238095 0.44857142857142857 0.4669642857142857 0.45571428571428574 0.46398809523809526 0.4533333333333333 0.4660714285714286 0.4423809523809524 0.46190476190476193 0.4123809523809524 0.4568452380952381 0.3933333333333333 0.4568452380952381 0.39 0.45982142857142855 0.3871428571428571
2 0.6830357142857143 0.5742857142857143 0.6854166666666667 0.5771428571428572 0.6904761904761905 0.5952380952380952 0.6925595238095238 0.6542857142857142 0.6821428571428572 0.6614285714285715 0.6785714285714286 0.660952380952381 0.6797619047619048 0.6542857142857142 0.6770833333333334 0.6404761904761904 0.6773809523809524 0.6290476190476191 0.6800595238095238 0.62 0.680952380952381 0.5857142857142857 0.6773809523809524 0.5776190476190476 0.6788690476190476 0.5742857142857143 0.6827380952380953 0.5742857142857143
2 0.5824404761904762 0.5361904761904762 0.5919642857142857 0.5661904761904762 0.5922619047619048 0.5885714285714285 0.5886904761904762 0.5952380952380952 0.5952380952380952 0.6176190476190476 0.5955357142857143 0.6238095238095238 0.5928571428571429 0.6271428571428571 0.5904761904761905 0.6261904761904762 0.5901785714285714 0.6190476190476191 0.5815476190476191 0.5938095238095238 0.5800595238095239 0.6009523809523809 0.5821428571428572 0.6166666666666667 0.5803571428571429 0.6195238095238095 0.5738095238095238 0.6195238095238095 0.575297619047619 0.61 0.5729166666666666 0.5919047619047619 0.5797619047619048 0.5661904761904762 0.5773809523809523 0.539047619047619 0.5821428571428572 0.5361904761904762
2 0.6020833333333333 0.7338095238095238 0.6071428571428571 0.7366666666666667 0.6125 0.7523809523809524 0.6142857142857143 0.7971428571428572 0.6232142857142857 0.8314285714285714 0.6214285714285714 0.8333333333333334 0.6133928571428572 0.8314285714285714 0.6157738095238096 0.8247619047619048 0.6139880952380953 0.8152380952380952 0.6092261904761904 0.8038095238095239 0.6056547619047619 0.8033333333333333 0.6026785714285714 0.8138095238095238 0.6017857142857143 0.8371428571428572 0.5994047619047619 0.839047619047619 0.5919642857142857 0.8371428571428572 0.5970238095238095 0.8271428571428572 0.5997023809523809 0.7861904761904762 0.5970238095238095 0.7738095238095238 0.6008928571428571 0.7666666666666667 0.6020833333333333 0.7342857142857143
2 0.5258928571428572 0.42142857142857143 0.5354166666666667 0.4357142857142857 0.5369047619047619 0.44285714285714284 0.5297619047619048 0.4742857142857143 0.5258928571428572 0.4723809523809524 0.524702380952381 0.47523809523809524 0.5205357142857143 0.4980952380952381 0.518452380952381 0.4980952380952381 0.5175595238095239 0.48428571428571426 0.5202380952380953 0.4519047619047619 0.51875 0.44904761904761903 0.5154761904761904 0.4533333333333333 0.5119047619047619 0.45285714285714285 0.5193452380952381 0.43238095238095237 0.5255952380952381 0.4219047619047619
2 0.6235119047619048 0.5247619047619048 0.6258928571428571 0.5280952380952381 0.6270833333333333 0.5361904761904762 0.6339285714285714 0.5466666666666666 0.631547619047619 0.5604761904761905 0.6339285714285714 0.5766666666666667 0.6473214285714286 0.5952380952380952 0.6473214285714286 0.6009523809523809 0.6440476190476191 0.6004761904761905 0.6232142857142857 0.5776190476190476 0.61875 0.5838095238095238 0.6145833333333334 0.5985714285714285 0.6101190476190477 0.5985714285714285 0.6205357142857143 0.5633333333333334 0.6199404761904762 0.5542857142857143 0.6172619047619048 0.55 0.6193452380952381 0.540952380952381 0.6193452380952381 0.5257142857142857 0.6232142857142857 0.5247619047619048
3 0.21011904761904762 0.508095238095238 0.21339285714285713 0.5090476190476191 0.21428571428571427 0.5152380952380953 0.20922619047619048 0.5961904761904762 0.20357142857142857 0.5976190476190476 0.20089285714285715 0.5914285714285714 0.20238095238095238 0.5657142857142857 0.20029761904761906 0.5380952380952381 0.20297619047619048 0.5204761904761904 0.20982142857142858 0.5085714285714286
1 0.9910714285714286 0.4004761904761905 0.999702380952381 0.40285714285714286 0.999702380952381 0.4747619047619048 0.9925595238095238 0.47523809523809524 0.9898809523809524 0.47285714285714286 0.993452380952381 0.4642857142857143 0.993452380952381 0.44571428571428573 0.9967261904761905 0.4247619047619048 0.9901785714285715 0.4080952380952381 0.9910714285714286 0.40095238095238095
2 0.34732142857142856 0.5885714285714285 0.3482142857142857 0.5947619047619047 0.3449404761904762 0.6038095238095238 0.34672619047619047 0.6147619047619047 0.35267857142857145 0.6052380952380952 0.35446428571428573 0.6095238095238096 0.34970238095238093 0.6209523809523809 0.34523809523809523 0.6242857142857143 0.34732142857142856 0.6276190476190476 0.34672619047619047 0.6333333333333333 0.36041666666666666 0.6571428571428571 0.36101190476190476 0.6623809523809524 0.35833333333333334 0.6642857142857143 0.35595238095238096 0.6633333333333333 0.3461309523809524 0.6461904761904762 0.3458333333333333 0.6528571428571428 0.3375 0.65 0.33898809523809526 0.6395238095238095 0.33363095238095236 0.6342857142857142 0.33154761904761904 0.6242857142857143 0.33214285714285713 0.6147619047619047 0.3282738095238095 0.6261904761904762 0.3244047619047619 0.6242857142857143 0.3267857142857143 0.6147619047619047 0.3351190476190476 0.5976190476190476 0.33898809523809526 0.5966666666666667 0.34285714285714286 0.5885714285714285 0.3470238095238095 0.5885714285714285
0 0.35833333333333334 0.65 0.36339285714285713 0.6561904761904762 0.3607142857142857 0.6633333333333333 0.3541666666666667 0.6623809523809524 0.3541666666666667 0.6571428571428571 0.3580357142857143 0.65