0 0.5273809523809524 0.5795238095238096 0.530952380952381 0.5814285714285714 0.5333333333333333 0.5871428571428572 0.5327380952380952 0.5957142857142858 0.5300595238095238 0.5980952380952381 0.5232142857142857 0.5961904761904762 0.5202380952380953 0.590952380952381 0.5217261904761905 0.5823809523809523 0.5270833333333333 0.5795238095238096
2 0.9023809523809524 0.5814285714285714 0.9050595238095238 0.5880952380952381 0.9035714285714286 0.599047619047619 0.9080357142857143 0.6095238095238096 0.9077380952380952 0.6319047619047619 0.9020833333333333 0.6447619047619048 0.8985119047619048 0.660952380952381 0.8818452380952381 0.679047619047619 0.8839285714285714 0.71 0.8866071428571428 0.7166666666666667 0.8839285714285714 0.7209523809523809 0.8755952380952381 0.72 0.8726190476190476 0.7166666666666667 0.874702380952381 0.6952380952380952 0.8702380952380953 0.6780952380952381 0.8705357142857143 0.669047619047619 0.8758928571428571 0.6547619047619048 0.8866071428571428 0.6371428571428571 0.8904761904761904 0.6147619047619047 0.8946428571428572 0.6042857142857143 0.89375 0.5833333333333334 0.8964285714285715 0.5804761904761905 0.9020833333333333 0.5814285714285714
2 0.6842261904761905 0.5838095238095238 0.687202380952381 0.5885714285714285 0.6860119047619048 0.6057142857142858 0.6964285714285714 0.6333333333333333 0.6952380952380952 0.6366666666666667 0.6889880952380952 0.6390476190476191 0.687797619047619 0.6447619047619048 0.7014880952380952 0.6680952380952381 0.6997023809523809 0.6976190476190476 0.7023809523809523 0.7095238095238096 0.700297619047619 0.710952380952381 0.6922619047619047 0.71 0.6904761904761905 0.7066666666666667 0.6925595238095238 0.6714285714285714 0.6901785714285714 0.6695238095238095 0.6830357142857143 0.6723809523809524 0.6794642857142857 0.6880952380952381 0.6800595238095238 0.6995238095238095 0.6717261904761904 0.699047619047619 0.6752976190476191 0.6647619047619048 0.6681547619047619 0.6523809523809524 0.6678571428571428 0.6085714285714285 0.6711309523809523 0.6019047619047619 0.6767857142857143 0.5976190476190476 0.6797619047619048 0.5847619047619048 0.6839285714285714 0.5838095238095238
2 0.4220238095238095 0.5971428571428572 0.42589285714285713 0.6023809523809524 0.42529761904761904 0.6123809523809524 0.43214285714285716 0.621904761904762 0.4342261904761905 0.6314285714285715 0.43392857142857144 0.6647619047619048 0.425 0.6957142857142857 0.42529761904761904 0.6995238095238095 0.43214285714285716 0.7095238095238096 0.4324404761904762 0.7233333333333334 0.43214285714285716 0.7271428571428571 0.4288690476190476 0.7257142857142858 0.42470238095238094 0.7133333333333334 0.41458333333333336 0.7023809523809523 0.4133928571428571 0.7076190476190476 0.4154761904761905 0.7376190476190476 0.4125 0.7404761904761905 0.4041666666666667 0.7357142857142858 0.4089285714285714 0.7238095238095238 0.40595238095238095 0.71 0.40595238095238095 0.6804761904761905 0.40982142857142856 0.6576190476190477 0.4074404761904762 0.6557142857142857 0.4041666666666667 0.66 0.40089285714285716 0.66 0.4005952380952381 0.6547619047619048 0.4074404761904762 0.6476190476190476 0.40982142857142856 0.6266666666666667 0.41785714285714287 0.6128571428571429 0.4175595238095238 0.6023809523809524 0.4217261904761905 0.5971428571428572
2 0.9425595238095238 0.8914285714285715 0.9425595238095238 0.8814285714285715 0.9455357142857143 0.8776190476190476 0.9461309523809524 0.8904761904761904 0.9428571428571428 0.8914285714285715
2 0.7342261904761904 0.5095238095238095 0.7377976190476191 0.5138095238095238 0.7386904761904762 0.5228571428571429 0.7422619047619048 0.5295238095238095 0.7461309523809524 0.5657142857142857 0.7446428571428572 0.5861904761904762 0.7401785714285715 0.6057142857142858 0.7544642857142857 0.6238095238095238 0.7592261904761904 0.6257142857142857 0.7607142857142857 0.6338095238095238 0.7595238095238095 0.6452380952380953 0.7529761904761905 0.6342857142857142 0.7377976190476191 0.6233333333333333 0.736904761904762 0.6304761904761905 0.7389880952380953 0.6466666666666666 0.7303571428571428 0.6514285714285715 0.725297619047619 0.650952380952381 0.7297619047619047 0.6404761904761904 0.7258928571428571 0.6076190476190476 0.7273809523809524 0.5828571428571429 0.7309523809523809 0.5676190476190476 0.7291666666666666 0.5604761904761905 0.7309523809523809 0.530952380952381 0.7279761904761904 0.5190476190476191 0.7303571428571428 0.5109523809523809 0.7339285714285714 0.51
2 0.999702380952381 0.5661904761904762 0.999702380952381 0.5947619047619047 0.9946428571428572 0.5895238095238096 0.9913690476190476 0.5780952380952381 0.9940476190476191 0.5704761904761905 0.9994047619047619 0.5661904761904762
2 0.7735119047619048 0.6261904761904762 0.7761904761904762 0.6361904761904762 0.7833333333333333 0.6466666666666666 0.7913690476190476 0.6647619047619048 0.7922619047619047 0.6823809523809524 0.8029761904761905 0.6933333333333334 0.8041666666666667 0.7028571428571428 0.8035714285714286 0.7071428571428572 0.8002976190476191 0.71 0.7970238095238096 0.7 0.78125 0.7019047619047619 0.7758928571428572 0.7366666666666667 0.7690476190476191 0.7480952380952381 0.7654761904761904 0.7480952380952381 0.7645833333333333 0.7447619047619047 0.7705357142857143 0.7280952380952381 0.7717261904761905 0.6995238095238095 0.7758928571428572 0.6847619047619048 0.7711309523809524 0.6566666666666666 0.768452380952381 0.6533333333333333 0.7619047619047619 0.6585714285714286 0.7613095238095238 0.6538095238095238 0.7642857142857142 0.63 0.768154761904762 0.6252380952380953 0.7732142857142857 0.6261904761904762
2 0.8574404761904761 0.5376190476190477 0.8610119047619048 0.5428571428571428 0.8598214285714286 0.5552380952380952 0.8651785714285715 0.5714285714285714 0.8672619047619048 0.6109523809523809 0.8616071428571429 0.6361904761904762 0.8529761904761904 0.6442857142857142 0.8553571428571428 0.6680952380952381 0.8592261904761904 0.6828571428571428 0.8556547619047619 0.6876190476190476 0.8488095238095238 0.6904761904761905 0.8401785714285714 0.6828571428571428 0.8461309523809524 0.6719047619047619 0.8422619047619048 0.6514285714285715 0.8419642857142857 0.6295238095238095 0.8464285714285714 0.6161904761904762 0.8464285714285714 0.6019047619047619 0.8488095238095238 0.5938095238095238 0.8508928571428571 0.5680952380952381 0.8488095238095238 0.5476190476190477 0.8523809523809524 0.5366666666666666 0.8571428571428571 0.5376190476190477
2 0.9601190476190476 0.8790476190476191 0.9633928571428572 0.8790476190476191 0.9636904761904762 0.8861904761904762 0.9633928571428572 0.8885714285714286 0.9598214285714286 0.888095238095238 0.9601190476190476 0.8795238095238095
1 0.4226190476190476 0.5019047619047619 0.42678571428571427 0.5057142857142857 0.42857142857142855 0.5452380952380952 0.42023809523809524 0.559047619047619 0.4193452380952381 0.5866666666666667 0.41577380952380955 0.5980952380952381 0.40773809523809523 0.6090476190476191 0.4068452380952381 0.6195238095238095 0.3970238095238095 0.6171428571428571 0.3952380952380952 0.6123809523809524 0.41041666666666665 0.5857142857142857 0.41101190476190474 0.5776190476190476 0.4083333333333333 0.5723809523809524 0.38958333333333334 0.5923809523809523 0.3821428571428571 0.6090476190476191 0.37797619047619047 0.6085714285714285 0.3773809523809524 0.5995238095238096 0.3800595238095238 0.5904761904761905 0.4 0.5604761904761905 0.4011904761904762 0.550952380952381 0.40982142857142856 0.530952380952381 0.4139880952380952 0.508095238095238 0.42232142857142857 0.5019047619047619