2 0.06875 0.4661904761904762 0.07083333333333333 0.47 0.07232142857142858 0.48857142857142855 0.07142857142857142 0.5223809523809524 0.06785714285714285 0.5295238095238095 0.0675595238095238 0.5371428571428571 0.06428571428571428 0.5395238095238095 0.05952380952380952 0.5361904761904762 0.05654761904761905 0.5195238095238095 0.05744047619047619 0.4876190476190476 0.06339285714285714 0.4676190476190476 0.06845238095238096 0.4661904761904762
2 0.3836309523809524 0.32285714285714284 0.38958333333333334 0.3376190476190476 0.38839285714285715 0.3566666666666667 0.39553571428571427 0.38333333333333336 0.3943452380952381 0.3880952380952381 0.38660714285714287 0.3842857142857143 0.3836309523809524 0.3738095238095238 0.3806547619047619 0.37047619047619046 0.3773809523809524 0.3738095238095238 0.37589285714285714 0.38 0.36964285714285716 0.37952380952380954 0.36815476190476193 0.37666666666666665 0.36875 0.3680952380952381 0.37589285714285714 0.3595238095238095 0.3729166666666667 0.34714285714285714 0.3729166666666667 0.3376190476190476 0.3794642857142857 0.3233333333333333 0.38333333333333336 0.32285714285714284
2 0.11964285714285715 0.3819047619047619 0.12172619047619047 0.3838095238095238 0.1261904761904762 0.4042857142857143 0.12321428571428572 0.4142857142857143 0.12321428571428572 0.4328571428571429 0.11696428571428572 0.4523809523809524 0.10952380952380952 0.4519047619047619 0.10238095238095238 0.4380952380952381 0.10922619047619048 0.4261904761904762 0.10863095238095238 0.3995238095238095 0.11547619047619048 0.38476190476190475 0.1193452380952381 0.3823809523809524
2 0.008630952380952382 0.40904761904761905 0.012797619047619047 0.4114285714285714 0.015773809523809523 0.42333333333333334 0.016666666666666666 0.4828571428571429 0.010714285714285714 0.48523809523809525 0.00505952380952381 0.48142857142857143 0 0.4857142857142857 0 0.4204761904761905 0.008333333333333333 0.4095238095238095
2 0.5505952380952381 0.6371428571428571 0.5538690476190476 0.64 0.5538690476190476 0.6552380952380953 0.5485119047619048 0.6804761904761905 0.5538690476190476 0.6952380952380952 0.5535714285714286 0.7 0.5431547619047619 0.7171428571428572 0.5401785714285714 0.7133333333333334 0.5398809523809524 0.709047619047619 0.544047619047619 0.6980952380952381 0.5395833333333333 0.6952380952380952 0.531547619047619 0.7047619047619048 0.5258928571428572 0.72 0.5229166666666667 0.7223809523809523 0.5166666666666667 0.7204761904761905 0.5163690476190477 0.7166666666666667 0.5291666666666667 0.6961904761904761 0.5327380952380952 0.6757142857142857 0.5425595238095238 0.6595238095238095 0.5458333333333333 0.64 0.5502976190476191 0.6371428571428571
2 0.2526785714285714 0.6861904761904762 0.2550595238095238 0.6895238095238095 0.25892857142857145 0.7157142857142857 0.2586309523809524 0.7214285714285714 0.25476190476190474 0.7271428571428571 0.25744047619047616 0.7528571428571429 0.2520833333333333 0.7685714285714286 0.2526785714285714 0.7757142857142857 0.24702380952380953 0.7757142857142857 0.24107142857142858 0.7619047619047619 0.2330357142857143 0.7690476190476191 0.22708333333333333 0.7790476190476191 0.2226190476190476 0.7757142857142857 0.22291666666666668 0.7652380952380953 0.23601190476190476 0.7514285714285714 0.24077380952380953 0.7257142857142858 0.24166666666666667 0.7071428571428572 0.24791666666666667 0.6895238095238095 0.2523809523809524 0.6861904761904762
2 0.32142857142857145 0.6357142857142857 0.32410714285714287 0.6385714285714286 0.32470238095238096 0.6438095238095238 0.3229166666666667 0.7 0.31934523809523807 0.7314285714285714 0.3163690476190476 0.7347619047619047 0.3068452380952381 0.7328571428571429 0.30952380952380953 0.7095238095238096 0.30416666666666664 0.7019047619047619 0.29642857142857143 0.7033333333333334 0.29523809523809524 0.699047619047619 0.29791666666666666 0.6923809523809524 0.3053571428571429 0.6871428571428572 0.3113095238095238 0.6542857142857142 0.3157738095238095 0.6471428571428571 0.31726190476190474 0.6395238095238095 0.3211309523809524 0.6357142857142857
2 0.17648809523809525 0.43761904761904763 0.17976190476190476 0.439047619047619 0.17976190476190476 0.45285714285714285 0.1842261904761905 0.4633333333333333 0.17946428571428572 0.4657142857142857 0.1767857142857143 0.4714285714285714 0.17648809523809525 0.4828571428571429 0.18035714285714285 0.4942857142857143 0.17529761904761904 0.5 0.17202380952380952 0.5119047619047619 0.16875 0.5138095238095238 0.16101190476190477 0.5119047619047619 0.15446428571428572 0.49714285714285716 0.16279761904761905 0.48428571428571426 0.16071428571428573 0.4714285714285714 0.16101190476190477 0.4561904761904762 0.17113095238095238 0.44095238095238093 0.1761904761904762 0.43761904761904763
2 0.6416666666666667 0.5371428571428571 0.6440476190476191 0.5380952380952381 0.6508928571428572 0.5580952380952381 0.6508928571428572 0.570952380952381 0.6461309523809524 0.5728571428571428 0.6449404761904762 0.5785714285714286 0.6511904761904762 0.6009523809523809 0.6553571428571429 0.6061904761904762 0.6544642857142857 0.61 0.6452380952380953 0.6061904761904762 0.6407738095238096 0.5938095238095238 0.6375 0.590952380952381 0.6330357142857143 0.5933333333333334 0.6303571428571428 0.5985714285714285 0.6267857142857143 0.5957142857142858 0.6172619047619048 0.5966666666666667 0.6139880952380953 0.5923809523809523 0.6163690476190476 0.5842857142857143 0.6282738095238095 0.5776190476190476 0.6264880952380952 0.5604761904761905 0.638095238095238 0.5385714285714286 0.6413690476190477 0.5371428571428571
2 0.3601190476190476 0.35095238095238096 0.36279761904761904 0.3566666666666667 0.36428571428571427 0.3719047619047619 0.35982142857142857 0.38666666666666666 0.3625 0.40476190476190477 0.35208333333333336 0.4219047619047619 0.3488095238095238 0.42142857142857143 0.3470238095238095 0.41523809523809524 0.3494047619047619 0.3933333333333333 0.34523809523809523 0.38476190476190475 0.3476190476190476 0.37238095238095237 0.3556547619047619 0.3519047619047619 0.35982142857142857 0.35095238095238096
2 0.3392857142857143 0.4042857142857143 0.3476190476190476 0.4042857142857143 0.34970238095238093 0.42142857142857143 0.35625 0.43142857142857144 0.35446428571428573 0.4361904761904762 0.3455357142857143 0.44333333333333336 0.3443452380952381 0.45380952380952383 0.3458333333333333 0.4657142857142857 0.33482142857142855 0.4766666666666667 0.337202380952381 0.48714285714285716 0.32648809523809524 0.4876190476190476 0.32321428571428573 0.47 0.3306547619047619 0.4561904761904762 0.3306547619047619 0.4319047619047619 0.3392857142857143 0.4180952380952381 0.3380952380952381 0.41095238095238096 0.3392857142857143 0.40476190476190477
2 0.6232142857142857 0.6766666666666666 0.625 0.6838095238095238 0.6211309523809524 0.7204761904761905 0.6255952380952381 0.7304761904761905 0.6258928571428571 0.7376190476190476 0.6229166666666667 0.7595238095238095 0.6190476190476191 0.7571428571428571 0.618452380952381 0.7357142857142858 0.6160714285714286 0.7314285714285714 0.6092261904761904 0.7314285714285714 0.60625 0.7404761904761905 0.6029761904761904 0.7433333333333333 0.587202380952381 0.7442857142857143 0.5883928571428572 0.7376190476190476 0.6014880952380952 0.7295238095238096 0.6041666666666666 0.7133333333333334 0.6127976190476191 0.6876190476190476 0.6196428571428572 0.6776190476190476 0.6229166666666667 0.6766666666666666
2 0.6386904761904761 0.5019047619047619 0.6410714285714286 0.5047619047619047 0.6410714285714286 0.5123809523809524 0.637797619047619 0.5361904761904762 0.6300595238095238 0.549047619047619 0.6127976190476191 0.569047619047619 0.6080357142857142 0.5676190476190476 0.606845238095238 0.55 0.6163690476190476 0.549047619047619 0.6261904761904762 0.5233333333333333 0.6291666666666667 0.508095238095238 0.6383928571428571 0.5019047619047619
0 0.6791666666666667 0.6442857142857142 0.6821428571428572 0.6423809523809524 0.6821428571428572 0.6385714285714286 0.6794642857142857 0.6366666666666667 0.6773809523809524 0.6385714285714286 0.6788690476190476 0.6442857142857142
3 0.05029761904761905 0.4819047619047619 0.05386904761904762 0.4838095238095238 0.05654761904761905 0.4990476190476191 0.055952380952380955 0.51 0.05863095238095238 0.5314285714285715 0.05714285714285714 0.5523809523809524 0.05416666666666667 0.5552380952380952 0.051488095238095236 0.5538095238095239 0.04583333333333333 0.539047619047619 0.043154761904761904 0.5385714285714286 0.04136904761904762 0.5428571428571428 0.033035714285714286 0.5485714285714286 0.029464285714285714 0.5476190476190477 0.027976190476190477 0.5414285714285715 0.02886904761904762 0.5352380952380953 0.03630952380952381 0.5266666666666666 0.03630952380952381 0.5085714285714286 0.039285714285714285 0.4980952380952381 0.04642857142857143 0.4838095238095238 0.05 0.48238095238095235