0 0.7574404761904762 0.38666666666666666 0.7598214285714285 0.39 0.7595238095238095 0.3942857142857143 0.7550595238095238 0.39714285714285713 0.7523809523809524 0.3904761904761905 0.7535714285714286 0.3871428571428571 0.7571428571428571 0.38666666666666666
2 0.8086309523809524 0.39 0.8151785714285714 0.4023809523809524 0.8157738095238095 0.4195238095238095 0.8101190476190476 0.4423809523809524 0.8047619047619048 0.4533333333333333 0.8 0.45285714285714285 0.799702380952381 0.439047619047619 0.7976190476190477 0.43238095238095237 0.8023809523809524 0.4247619047619048 0.8023809523809524 0.4180952380952381 0.7955357142857142 0.4147619047619048 0.7934523809523809 0.41095238095238096 0.8002976190476191 0.4085714285714286 0.8038690476190476 0.3904761904761905 0.8083333333333333 0.39
2 0.36964285714285716 0.49238095238095236 0.3726190476190476 0.48142857142857143 0.37648809523809523 0.48238095238095235 0.3773809523809524 0.5090476190476191 0.375 0.5190476190476191 0.3800595238095238 0.5485714285714286 0.38392857142857145 0.5547619047619048 0.3806547619047619 0.5580952380952381 0.37648809523809523 0.5576190476190476 0.3726190476190476 0.5385714285714286 0.3699404761904762 0.5352380952380953 0.36279761904761904 0.540952380952381 0.35625 0.5419047619047619 0.3523809523809524 0.5466666666666666 0.34970238095238093 0.5428571428571428 0.3514880952380952 0.5361904761904762 0.3645833333333333 0.5295238095238095 0.3657738095238095 0.5014285714285714 0.36964285714285716 0.4928571428571429
2 0.19613095238095238 0.42095238095238097 0.1982142857142857 0.43523809523809526 0.19672619047619047 0.4738095238095238 0.19255952380952382 0.4795238095238095 0.18571428571428572 0.4828571428571429 0.18214285714285713 0.4819047619047619 0.18214285714285713 0.4766666666666667 0.1869047619047619 0.47095238095238096 0.18482142857142858 0.43857142857142856 0.1913690476190476 0.42238095238095236 0.19583333333333333 0.42095238095238097
2 0.6648809523809524 0.37666666666666665 0.6672619047619047 0.3904761904761905 0.6714285714285714 0.39380952380952383 0.6648809523809524 0.40285714285714286 0.6648809523809524 0.4319047619047619 0.6610119047619047 0.4319047619047619 0.6586309523809524 0.42857142857142855 0.6595238095238095 0.4180952380952381 0.6577380952380952 0.4157142857142857 0.6494047619047619 0.42333333333333334 0.6470238095238096 0.43047619047619046 0.6404761904761904 0.42857142857142855 0.6404761904761904 0.4247619047619048 0.6491071428571429 0.41285714285714287 0.6508928571428572 0.40285714285714286 0.6601190476190476 0.38047619047619047 0.6645833333333333 0.37666666666666665
2 0.08958333333333333 0.41 0.0931547619047619 0.4147619047619048 0.09166666666666666 0.4257142857142857 0.09226190476190477 0.44952380952380955 0.09970238095238096 0.47714285714285715 0.0994047619047619 0.48095238095238096 0.09642857142857143 0.4819047619047619 0.09196428571428572 0.48 0.0886904761904762 0.4642857142857143 0.08541666666666667 0.46190476190476193 0.07946428571428571 0.4723809523809524 0.07797619047619048 0.48095238095238096 0.07261904761904762 0.48142857142857143 0.07083333333333333 0.4776190476190476 0.07767857142857143 0.45904761904761904 0.08065476190476191 0.4257142857142857 0.08571428571428572 0.4119047619047619 0.08928571428571429 0.41
2 0.5196428571428572 0.4176190476190476 0.5214285714285715 0.4204761904761905 0.5241071428571429 0.4419047619047619 0.5229166666666667 0.4442857142857143 0.518452380952381 0.4423809523809524 0.5142857142857142 0.44666666666666666 0.5119047619047619 0.4685714285714286 0.5086309523809524 0.47904761904761906 0.5050595238095238 0.48095238095238096 0.49702380952380953 0.4742857142857143 0.5038690476190476 0.44952380952380955 0.4973214285714286 0.4423809523809524 0.5071428571428571 0.4280952380952381 0.5142857142857142 0.42428571428571427 0.5193452380952381 0.4176190476190476
2 0.2550595238095238 0.31047619047619046 0.2592261904761905 0.2823809523809524 0.2642857142857143 0.27 0.26875 0.27 0.26904761904761904 0.2823809523809524 0.2663690476190476 0.3 0.2726190476190476 0.32761904761904764 0.26964285714285713 0.3304761904761905 0.26339285714285715 0.32904761904761903 0.2642857142857143 0.32095238095238093 0.2613095238095238 0.31523809523809526 0.2586309523809524 0.3161904761904762 0.2550595238095238 0.3242857142857143 0.256547619047619 0.3280952380952381 0.25535714285714284 0.3314285714285714 0.25 0.3304761904761905 0.24761904761904763 0.3242857142857143 0.2550595238095238 0.310952380952381
2 0.2086309523809524 0.4238095238095238 0.21101190476190476 0.42857142857142855 0.2113095238095238 0.4638095238095238 0.2154761904761905 0.490952380952381 0.2148809523809524 0.49523809523809526 0.2113095238095238 0.49666666666666665 0.20833333333333334 0.49476190476190474 0.20654761904761904 0.4795238095238095 0.2017857142857143 0.48238095238095235 0.19613095238095238 0.49333333333333335 0.19226190476190477 0.4942857142857143 0.1907738095238095 0.4919047619047619 0.19940476190476192 0.4666666666666667 0.19970238095238096 0.44571428571428573 0.20416666666666666 0.42523809523809525 0.20833333333333334 0.4238095238095238
2 0.0988095238095238 0.6861904761904762 0.10803571428571429 0.6733333333333333 0.10773809523809524 0.6576190476190477 0.10476190476190476 0.650952380952381 0.10446428571428572 0.6447619047619048 0.10892857142857143 0.63 0.10982142857142857 0.62 0.11607142857142858 0.6171428571428571 0.11755952380952381 0.6195238095238095 0.11726190476190476 0.6342857142857142 0.1193452380952381 0.6404761904761904 0.1181547619047619 0.6623809523809524 0.12202380952380952 0.6928571428571428 0.12678571428571428 0.6995238095238095 0.12410714285714286 0.7028571428571428 0.11607142857142858 0.7014285714285714 0.11517857142857142 0.6852380952380952 0.11279761904761905 0.680952380952381 0.10416666666666667 0.689047619047619 0.10416666666666667 0.6961904761904761 0.10238095238095238 0.6985714285714286 0.09761904761904762 0.6961904761904761 0.0988095238095238 0.6866666666666666
2 0.23839285714285716 0.3314285714285714 0.24077380952380953 0.33476190476190476 0.24345238095238095 0.37238095238095237 0.24196428571428572 0.3904761904761905 0.24404761904761904 0.39714285714285713 0.24136904761904762 0.39904761904761904 0.23065476190476192 0.3980952380952381 0.2294642857142857 0.39571428571428574 0.23154761904761906 0.38047619047619047 0.23095238095238096 0.35 0.23422619047619048 0.3319047619047619 0.23809523809523808 0.3314285714285714
2 0.3279761904761905 0.41904761904761906 0.33154761904761904 0.4185714285714286 0.3324404761904762 0.42095238095238097 0.33154761904761904 0.4785714285714286 0.33303571428571427 0.48428571428571426 0.33154761904761904 0.4861904761904762 0.32321428571428573 0.48428571428571426 0.319047619047619 0.47714285714285715 0.32202380952380955 0.43238095238095237 0.3279761904761905 0.4195238095238095
2 0.22142857142857142 0.5304761904761904 0.22380952380952382 0.5347619047619048 0.2226190476190476 0.5504761904761905 0.225 0.5576190476190476 0.2226190476190476 0.5647619047619048 0.22767857142857142 0.6090476190476191 0.225 0.6128571428571429 0.2199404761904762 0.6104761904761905 0.21875 0.5914285714285714 0.21696428571428572 0.5876190476190476 0.20297619047619048 0.5952380952380952 0.19940476190476192 0.5923809523809523 0.20089285714285715 0.5880952380952381 0.2113095238095238 0.5804761904761905 0.21279761904761904 0.550952380952381 0.21636904761904763 0.5414285714285715 0.21696428571428572 0.5333333333333333 0.22113095238095237 0.5304761904761904
2 0.29345238095238096 0.39904761904761904 0.29404761904761906 0.4266666666666667 0.2982142857142857 0.44476190476190475 0.2988095238095238 0.45904761904761904 0.3011904761904762 0.4642857142857143 0.30029761904761904 0.4666666666666667 0.29375 0.46523809523809523 0.2863095238095238 0.4504761904761905 0.28214285714285714 0.45714285714285713 0.27976190476190477 0.46714285714285714 0.2735119047619048 0.4633333333333333 0.2818452380952381 0.4423809523809524 0.28154761904761905 0.41523809523809524 0.28809523809523807 0.4 0.2931547619047619 0.39904761904761904
2 0.14375 0.4104761904761905 0.1455357142857143 0.41333333333333333 0.14732142857142858 0.46476190476190476 0.1529761904761905 0.4847619047619048 0.14702380952380953 0.48714285714285716 0.14047619047619048 0.46714285714285714 0.1363095238095238 0.4838095238095238 0.13333333333333333 0.4861904761904762 0.12946428571428573 0.4847619047619048 0.13333333333333333 0.4680952380952381 0.13452380952380952 0.42952380952380953 0.1386904761904762 0.4138095238095238 0.14345238095238094 0.41095238095238096
2 0.8836309523809524 0.39095238095238094 0.8869047619047619 0.3942857142857143 0.8940476190476191 0.4114285714285714 0.8863095238095238 0.43857142857142856 0.8869047619047619 0.4442857142857143 0.893154761904762 0.44952380952380955 0.893154761904762 0.4533333333333333 0.8910714285714286 0.4552380952380952 0.8732142857142857 0.4533333333333333 0.8732142857142857 0.43523809523809526 0.8767857142857143 0.4219047619047619 0.8770833333333333 0.39380952380952383 0.8833333333333333 0.39095238095238094
2 0.7205357142857143 0.6309523809523809 0.7220238095238095 0.6371428571428571 0.7178571428571429 0.6571428571428571 0.7202380952380952 0.6614285714285715 0.7166666666666667 0.6633333333333333 0.7119047619047619 0.6785714285714286 0.7107142857142857 0.7061904761904761 0.7148809523809524 0.7133333333333334 0.7110119047619048 0.7166666666666667 0.7029761904761904 0.7133333333333334 0.705654761904762 0.7004761904761905 0.7053571428571429 0.6919047619047619 0.7029761904761904 0.6861904761904762 0.6997023809523809 0.689047619047619 0.6922619047619047 0.689047619047619 0.6889880952380952 0.6957142857142857 0.6857142857142857 0.6961904761904761 0.6836309523809524 0.6914285714285714 0.6857142857142857 0.6814285714285714 0.6934523809523809 0.6819047619047619 0.7014880952380952 0.6780952380952381 0.7029761904761904 0.6595238095238095 0.7098214285714286 0.6428571428571429 0.7169642857142857 0.6319047619047619 0.7202380952380952 0.6309523809523809
2 0.4294642857142857 0.430952380952381 0.43125 0.43476190476190474 0.4318452380952381 0.45285714285714285 0.42797619047619045 0.4638095238095238 0.43125 0.47714285714285715 0.43214285714285716 0.49142857142857144 0.43452380952380953 0.49476190476190474 0.43452380952380953 0.4980952380952381 0.43214285714285716 0.49952380952380954 0.4276785714285714 0.4980952380952381 0.4264880952380952 0.4804761904761905 0.4217261904761905 0.4742857142857143 0.4142857142857143 0.48238095238095235 0.4074404761904762 0.48238095238095235 0.4044642857142857 0.4861904761904762 0.40029761904761907 0.48428571428571426 0.40089285714285716 0.47904761904761906 0.41160714285714284 0.47619047619047616 0.4160714285714286 0.47095238095238096 0.41875 0.4461904761904762 0.42589285714285713 0.43238095238095237 0.42916666666666664 0.430952380952381
2 0.3306547619047619 0.5361904761904762 0.33482142857142855 0.5214285714285715 0.3386904761904762 0.5214285714285715 0.3404761904761905 0.5257142857142857 0.3416666666666667 0.5371428571428571 0.33958333333333335 0.5504761904761905 0.34017857142857144 0.5614285714285714 0.3476190476190476 0.5919047619047619 0.3413690476190476 0.5933333333333334 0.33839285714285716 0.579047619047619 0.3351190476190476 0.5733333333333334 0.31785714285714284 0.5742857142857143 0.3175595238095238 0.5676190476190476 0.3282738095238095 0.5680952380952381 0.3306547619047619 0.5657142857142857 0.33154761904761904 0.5571428571428572 0.3282738095238095 0.5447619047619048 0.3306547619047619 0.5366666666666666
2 0.6276785714285714 0.37761904761904763 0.63125 0.3995238095238095 0.6255952380952381 0.4042857142857143 0.6226190476190476 0.4142857142857143 0.6080357142857142 0.43476190476190474 0.6023809523809524 0.43142857142857144 0.6101190476190477 0.4219047619047619 0.6092261904761904 0.4185714285714286 0.6056547619047619 0.4176190476190476 0.6148809523809524 0.4057142857142857 0.6145833333333334 0.3904761904761905 0.6235119047619048 0.3780952380952381 0.6273809523809524 0.37761904761904763
2 0.8026785714285715 0.6128571428571429 0.8071428571428572 0.6190476190476191 0.8095238095238095 0.6333333333333333 0.8017857142857143 0.6423809523809524 0.7988095238095239 0.6504761904761904 0.7988095238095239 0.6719047619047619 0.8011904761904762 0.6780952380952381 0.8 0.6814285714285714 0.7946428571428571 0.6785714285714286 0.7931547619047619 0.6633333333333333 0.7898809523809524 0.6638095238095238 0.7794642857142857 0.6761904761904762 0.7761904761904762 0.6747619047619048 0.7883928571428571 0.6519047619047619 0.7886904761904762 0.6414285714285715 0.7842261904761905 0.6347619047619047 0.7863095238095238 0.6242857142857143 0.7964285714285714 0.61 0.7970238095238096 0.6038095238095238 0.8008928571428572 0.6038095238095238 0.8023809523809524 0.6128571428571429
3 0.3175595238095238 0.4804761904761905 0.3211309523809524 0.48238095238095235 0.3229166666666667 0.4990476190476191 0.319047619047619 0.5119047619047619 0.3211309523809524 0.5219047619047619 0.32142857142857145 0.5519047619047619 0.3151785714285714 0.55 0.31398809523809523 0.5238095238095238 0.2994047619047619 0.5371428571428571 0.2967261904761905 0.5442857142857143 0.2931547619047619 0.5438095238095239 0.2910714285714286 0.54 0.2955357142857143 0.530952380952381 0.30297619047619045 0.5242857142857142 0.3098214285714286 0.49 0.3175595238095238 0.48095238095238096
3 0.4011904761904762 0.1595238095238095 0.4050595238095238 0.16952380952380952 0.40208333333333335 0.2061904761904762 0.4 0.21 0.3970238095238095 0.21 0.39553571428571427 0.20666666666666667 0.3943452380952381 0.16666666666666666 0.3970238095238095 0.1595238095238095 0.40089285714285716 0.1595238095238095