0 0.39107142857142857 0.5476190476190477 0.3931547619047619 0.5542857142857143 0.3904761904761905 0.560952380952381 0.3869047619047619 0.5604761904761905 0.38452380952380955 0.5533333333333333 0.38660714285714287 0.5476190476190477 0.3907738095238095 0.5476190476190477
2 0.8014880952380953 0.3942857142857143 0.8038690476190476 0.39571428571428574 0.8092261904761905 0.41095238095238096 0.8116071428571429 0.43666666666666665 0.8071428571428572 0.45095238095238094 0.8086309523809524 0.4738095238095238 0.8011904761904762 0.4780952380952381 0.7955357142857142 0.47714285714285715 0.7967261904761904 0.4276190476190476 0.7952380952380952 0.41904761904761906 0.7979166666666667 0.3976190476190476 0.8011904761904762 0.3942857142857143
2 0.3157738095238095 0.2885714285714286 0.32202380952380955 0.3038095238095238 0.3223214285714286 0.32095238095238093 0.32976190476190476 0.32571428571428573 0.3279761904761905 0.32904761904761903 0.3163690476190476 0.33380952380952383 0.3145833333333333 0.3466666666666667 0.3107142857142857 0.3485714285714286 0.3086309523809524 0.33285714285714285 0.3098214285714286 0.29428571428571426 0.3130952380952381 0.2876190476190476 0.31547619047619047 0.2885714285714286
2 0.3630952380952381 0.32857142857142857 0.37142857142857144 0.3385714285714286 0.37351190476190477 0.36047619047619045 0.3800595238095238 0.3657142857142857 0.3800595238095238 0.36904761904761907 0.3657738095238095 0.3738095238095238 0.35982142857142857 0.3904761904761905 0.35714285714285715 0.38761904761904764 0.36101190476190476 0.3595238095238095 0.3586309523809524 0.34095238095238095 0.36041666666666666 0.3314285714285714 0.36279761904761904 0.32857142857142857
2 0.08244047619047619 0.539047619047619 0.09017857142857143 0.5523809523809524 0.09047619047619047 0.5676190476190476 0.08660714285714285 0.5914285714285714 0.07797619047619048 0.6085714285714285 0.0744047619047619 0.6066666666666667 0.07410714285714286 0.5652380952380952 0.07053571428571428 0.5504761904761905 0.07797619047619048 0.539047619047619 0.08214285714285714 0.539047619047619
2 0.7690476190476191 0.6557142857142857 0.7729166666666667 0.6580952380952381 0.7788690476190476 0.679047619047619 0.7842261904761905 0.7257142857142858 0.799702380952381 0.7376190476190476 0.8 0.7480952380952381 0.7967261904761904 0.7514285714285714 0.7931547619047619 0.7423809523809524 0.7717261904761905 0.7266666666666667 0.768452380952381 0.7447619047619047 0.7693452380952381 0.7585714285714286 0.7657738095238096 0.7609523809523809 0.7586309523809524 0.7585714285714286 0.7580357142857143 0.7547619047619047 0.762797619047619 0.7476190476190476 0.7633928571428571 0.7304761904761905 0.7678571428571429 0.7071428571428572 0.7672619047619048 0.7 0.7633928571428571 0.6957142857142857 0.7663690476190477 0.6885714285714286 0.7645833333333333 0.66 0.76875 0.6561904761904762
2 0.08660714285714285 0.3352380952380952 0.09523809523809523 0.35285714285714287 0.09821428571428571 0.37 0.10625 0.3761904761904762 0.10535714285714286 0.38047619047619047 0.09196428571428572 0.38571428571428573 0.08839285714285715 0.4014285714285714 0.08303571428571428 0.39904761904761904 0.08392857142857142 0.36523809523809525 0.07976190476190476 0.35904761904761906 0.08244047619047619 0.34904761904761905 0.08273809523809524 0.33666666666666667 0.08630952380952381 0.3352380952380952
2 0.8773809523809524 0.5280952380952381 0.8869047619047619 0.5452380952380952 0.8943452380952381 0.5680952380952381 0.888095238095238 0.5695238095238095 0.8857142857142857 0.5757142857142857 0.8886904761904761 0.599047619047619 0.8830357142857143 0.6033333333333334 0.8800595238095238 0.5976190476190476 0.8788690476190476 0.6057142857142858 0.8764880952380952 0.6090476190476191 0.8726190476190476 0.6090476190476191 0.8720238095238095 0.6061904761904762 0.874702380952381 0.5985714285714285 0.8744047619047619 0.5585714285714286 0.8729166666666667 0.5561904761904762 0.8693452380952381 0.560952380952381 0.8660714285714286 0.5623809523809524 0.8657738095238096 0.56 0.8711309523809524 0.5414285714285715 0.8720238095238095 0.5304761904761904 0.8770833333333333 0.5280952380952381
2 0.5363095238095238 0.2723809523809524 0.5395833333333333 0.2861904761904762 0.5404761904761904 0.3057142857142857 0.5467261904761904 0.32285714285714284 0.5467261904761904 0.32761904761904764 0.5431547619047619 0.3304761904761905 0.5413690476190476 0.32095238095238093 0.5357142857142857 0.3142857142857143 0.5330357142857143 0.31857142857142856 0.5327380952380952 0.3314285714285714 0.5297619047619048 0.3333333333333333 0.5264880952380953 0.3314285714285714 0.5294642857142857 0.2919047619047619 0.5324404761904762 0.27285714285714285 0.5360119047619047 0.2723809523809524
2 0.26398809523809524 0.4338095238095238 0.26607142857142857 0.43523809523809526 0.2702380952380952 0.44952380952380955 0.26904761904761904 0.48 0.27053571428571427 0.49476190476190474 0.26904761904761904 0.4980952380952381 0.2654761904761905 0.49666666666666665 0.26160714285714287 0.4857142857142857 0.25833333333333336 0.4895238095238095 0.2550595238095238 0.5009523809523809 0.25148809523809523 0.49952380952380954 0.2544642857142857 0.4723809523809524 0.2526785714285714 0.44857142857142857 0.2604166666666667 0.43476190476190474 0.2636904761904762 0.4338095238095238
2 0.03363095238095238 0.3757142857142857 0.04136904761904762 0.38761904761904764 0.05 0.4157142857142857 0.05744047619047619 0.4166666666666667 0.06160714285714286 0.4247619047619048 0.056845238095238095 0.4276190476190476 0.05029761904761905 0.4238095238095238 0.03958333333333333 0.42333333333333334 0.03720238095238095 0.4280952380952381 0.03720238095238095 0.4471428571428571 0.03482142857142857 0.45 0.03005952380952381 0.44666666666666666 0.03154761904761905 0.4119047619047619 0.029464285714285714 0.37952380952380954 0.03333333333333333 0.3757142857142857
2 0.5333333333333333 0.39380952380952383 0.544047619047619 0.4138095238095238 0.5386904761904762 0.43476190476190474 0.5398809523809524 0.44761904761904764 0.5434523809523809 0.4595238095238095 0.5398809523809524 0.4657142857142857 0.5330357142857143 0.45571428571428574 0.5288690476190476 0.4552380952380952 0.5291666666666667 0.4380952380952381 0.5261904761904762 0.4166666666666667 0.5151785714285714 0.4147619047619048 0.5223214285714286 0.41 0.5282738095238095 0.3952380952380952 0.5330357142857143 0.39380952380952383
2 0.8592261904761904 0.4438095238095238 0.8654761904761905 0.46714285714285714 0.8648809523809524 0.48428571428571426 0.8616071428571429 0.5028571428571429 0.8642857142857143 0.5223809523809524 0.8627976190476191 0.5261904761904762 0.8532738095238095 0.5285714285714286 0.8508928571428571 0.5266666666666666 0.8520833333333333 0.5114285714285715 0.8494047619047619 0.49476190476190474 0.8491071428571428 0.4738095238095238 0.8526785714285714 0.4461904761904762 0.8589285714285714 0.4438095238095238
2 0.5333333333333333 0.4757142857142857 0.5354166666666667 0.4776190476190476 0.5413690476190476 0.49857142857142855 0.5419642857142857 0.5190476190476191 0.5473214285714286 0.5223809523809524 0.5491071428571429 0.5290476190476191 0.5294642857142857 0.5295238095238095 0.5217261904761905 0.549047619047619 0.5166666666666667 0.5528571428571428 0.5133928571428571 0.55 0.5279761904761905 0.5057142857142857 0.5270833333333333 0.5 0.5217261904761905 0.4980952380952381 0.5220238095238096 0.49476190476190474 0.5273809523809524 0.49142857142857144 0.5291666666666667 0.4776190476190476 0.5330357142857143 0.4757142857142857
2 0.43214285714285716 0.36714285714285716 0.4380952380952381 0.3842857142857143 0.43839285714285714 0.3919047619047619 0.4342261904761905 0.4123809523809524 0.4354166666666667 0.43047619047619046 0.43214285714285716 0.44285714285714284 0.4294642857142857 0.44476190476190475 0.42470238095238094 0.43 0.4181547619047619 0.3880952380952381 0.4244047619047619 0.37238095238095237 0.4288690476190476 0.36666666666666664 0.4318452380952381 0.36714285714285716
2 0.41904761904761906 0.5633333333333334 0.4276785714285714 0.5847619047619048 0.4217261904761905 0.6233333333333333 0.4217261904761905 0.6414285714285715 0.4181547619047619 0.6557142857142857 0.4148809523809524 0.6552380952380953 0.40922619047619047 0.6471428571428571 0.4074404761904762 0.6209523809523809 0.4142857142857143 0.5747619047619048 0.4133928571428571 0.5671428571428572 0.41875 0.5633333333333334
2 0.5264880952380953 0.3438095238095238 0.5294642857142857 0.3457142857142857 0.5369047619047619 0.3628571428571429 0.5375 0.39095238095238094 0.5363095238095238 0.39380952380952383 0.53125 0.39476190476190476 0.5258928571428572 0.3942857142857143 0.5244047619047619 0.38857142857142857 0.5226190476190476 0.36238095238095236 0.5261904761904762 0.3438095238095238
2 0.6348214285714285 0.3719047619047619 0.6392857142857142 0.38476190476190475 0.6392857142857142 0.4004761904761905 0.637797619047619 0.4147619047619048 0.6336309523809524 0.42857142857142855 0.6303571428571428 0.43238095238095237 0.6267857142857143 0.43 0.6285714285714286 0.4147619047619048 0.6264880952380952 0.4042857142857143 0.6264880952380952 0.38857142857142857 0.6288690476190476 0.37285714285714283 0.6345238095238095 0.3719047619047619
2 0.22380952380952382 0.6 0.22648809523809524 0.6023809523809524 0.2318452380952381 0.63 0.23065476190476192 0.6404761904761904 0.22678571428571428 0.6419047619047619 0.22351190476190477 0.6542857142857142 0.22321428571428573 0.6814285714285714 0.21666666666666667 0.6842857142857143 0.21041666666666667 0.6752380952380952 0.20654761904761904 0.6757142857142857 0.20029761904761906 0.6828571428571428 0.19642857142857142 0.6785714285714286 0.19940476190476192 0.6685714285714286 0.2113095238095238 0.6595238095238095 0.20922619047619048 0.6228571428571429 0.22023809523809523 0.6009523809523809 0.22351190476190477 0.6004761904761905
3 0.3011904761904762 0.439047619047619 0.30833333333333335 0.45714285714285713 0.3092261904761905 0.4685714285714286 0.30654761904761907 0.48 0.3047619047619048 0.5119047619047619 0.3005952380952381 0.5223809523809524 0.2970238095238095 0.520952380952381 0.29464285714285715 0.5157142857142857 0.29136904761904764 0.4595238095238095 0.2961309523809524 0.43952380952380954 0.30089285714285713 0.439047619047619