0 0.21339285714285713 0.3519047619047619 0.2148809523809524 0.3557142857142857 0.21339285714285713 0.36095238095238097 0.2086309523809524 0.35904761904761906 0.20922619047619048 0.35285714285714287 0.2130952380952381 0.3519047619047619
2 0.08065476190476191 0.5328571428571428 0.08333333333333333 0.5290476190476191 0.08511904761904762 0.5195238095238095 0.08928571428571429 0.5190476190476191 0.08898809523809524 0.5280952380952381 0.09196428571428572 0.5357142857142857 0.08898809523809524 0.5480952380952381 0.09017857142857143 0.5633333333333334 0.07738095238095238 0.5719047619047619 0.07053571428571428 0.5714285714285714 0.06488095238095239 0.5761904761904761 0.06369047619047619 0.5747619047619048 0.06428571428571428 0.5704761904761905 0.0675595238095238 0.5676190476190476 0.07827380952380952 0.5638095238095238 0.07976190476190476 0.5519047619047619 0.07886904761904762 0.5376190476190477 0.08065476190476191 0.5333333333333333
2 0.13839285714285715 0.4604761904761905 0.1425595238095238 0.4766666666666667 0.1455357142857143 0.5047619047619047 0.14375 0.5090476190476191 0.1375 0.5128571428571429 0.1357142857142857 0.5204761904761904 0.1363095238095238 0.5290476190476191 0.13392857142857142 0.5304761904761904 0.1306547619047619 0.5257142857142857 0.13333333333333333 0.5085714285714286 0.13333333333333333 0.47333333333333333 0.1351190476190476 0.46285714285714286 0.1380952380952381 0.4604761904761905
2 0.19910714285714284 0.33095238095238094 0.016666666666666666 0.05333333333333334
2 0 0.6290476190476191 0.013095238095238096 0.6133333333333333 0.015476190476190477 0.6023809523809524 0.017261904761904763 0.5676190476190476 0.022321428571428572 0.5647619047619048 0.025892857142857145 0.6042857142857143 0.028273809523809524 0.611904761904762 0.02857142857142857 0.6285714285714286 0.03273809523809524 0.6366666666666667 0.02976190476190476 0.6395238095238095 0.02470238095238095 0.6376190476190476 0.024107142857142858 0.6209523809523809 0.021726190476190475 0.6166666666666667 0.015773809523809523 0.6176190476190476 0.00625 0.6295238095238095 0.00505952380952381 0.6361904761904762 0 0.6366666666666667 0 0.6295238095238095
2 0.4895833333333333 0.5476190476190477 0.49702380952380953 0.5638095238095238 0.5005952380952381 0.5947619047619047 0.5083333333333333 0.6014285714285714 0.5053571428571428 0.6090476190476191 0.4973214285714286 0.6057142857142858 0.49464285714285716 0.6147619047619047 0.4913690476190476 0.6076190476190476 0.4943452380952381 0.5933333333333334 0.48601190476190476 0.5814285714285714 0.4830357142857143 0.5676190476190476 0.4875 0.5480952380952381 0.48928571428571427 0.5476190476190477
2 0.09613095238095239 0.5557142857142857 0.10029761904761905 0.5738095238095238 0.10595238095238095 0.5780952380952381 0.0994047619047619 0.5866666666666667 0.0988095238095238 0.6109523809523809 0.09583333333333334 0.6223809523809524 0.09255952380952381 0.6247619047619047 0.09017857142857143 0.6228571428571429 0.09345238095238095 0.6080952380952381 0.08511904761904762 0.6071428571428571 0.08482142857142858 0.6009523809523809 0.09107142857142857 0.5957142857142858 0.09047619047619047 0.5676190476190476 0.09285714285714286 0.5571428571428572 0.09583333333333334 0.5557142857142857
2 0.23809523809523808 0.3404761904761905 0.2511904761904762 0.3761904761904762 0.24791666666666667 0.3952380952380952 0.24553571428571427 0.3961904761904762 0.2431547619047619 0.38 0.23422619047619048 0.37285714285714283 0.23333333333333334 0.3676190476190476 0.2330357142857143 0.3547619047619048 0.23779761904761904 0.3404761904761905
2 0.4693452380952381 0.5023809523809524 0.4726190476190476 0.5042857142857143 0.4744047619047619 0.5333333333333333 0.48214285714285715 0.5633333333333334 0.48095238095238096 0.5761904761904761 0.4738095238095238 0.5495238095238095 0.46130952380952384 0.5671428571428572 0.45863095238095236 0.5661904761904762 0.45922619047619045 0.5580952380952381 0.4660714285714286 0.5504761904761905 0.462202380952381 0.5152380952380953 0.46785714285714286 0.5090476190476191 0.4693452380952381 0.5028571428571429
1 0.7193452380952381 0.39714285714285713 0.7217261904761905 0.4033333333333333 0.7241071428571428 0.4266666666666667 0.7321428571428571 0.44 0.7309523809523809 0.4471428571428571 0.7279761904761904 0.4461904761904762 0.7282738095238095 0.44047619047619047 0.7172619047619048 0.4276190476190476 0.7151785714285714 0.43142857142857144 0.7139880952380953 0.4452380952380952 0.7077380952380953 0.44571428571428573 0.7101190476190476 0.439047619047619 0.712202380952381 0.4176190476190476 0.7113095238095238 0.38952380952380955 0.7133928571428572 0.38666666666666666 0.719047619047619 0.39714285714285713
3 0.8258928571428571 0.9061904761904762 0.8276785714285714 0.9076190476190477 0.8285714285714286 0.9185714285714286 0.8315476190476191 0.9228571428571428 0.8342261904761905 0.9352380952380952 0.8443452380952381 0.9457142857142857 0.8425595238095238 0.949047619047619 0.8348214285714286 0.9480952380952381 0.8315476190476191 0.9504761904761905 0.812797619047619 0.9495238095238095 0.8110119047619048 0.9295238095238095 0.8151785714285714 0.9214285714285714 0.8220238095238095 0.9147619047619048 0.8226190476190476 0.9076190476190477 0.825595238095238 0.9061904761904762