0 0.44642857142857145 0.4638095238095238 0.4494047619047619 0.46476190476190476 0.45148809523809524 0.47 0.4461309523809524 0.4747619047619048 0.43839285714285714 0.4704761904761905 0.4392857142857143 0.46476190476190476 0.4461309523809524 0.4638095238095238
2 0.6592261904761905 0.39476190476190476 0.6645833333333333 0.4057142857142857 0.66875 0.4319047619047619 0.6642857142857143 0.4533333333333333 0.6636904761904762 0.47 0.6598214285714286 0.4742857142857143 0.6553571428571429 0.4719047619047619 0.6571428571428571 0.4480952380952381 0.6553571428571429 0.3995238095238095 0.6589285714285714 0.39476190476190476
2 0.8517857142857143 0.5628571428571428 0.8627976190476191 0.5914285714285714 0.8595238095238096 0.6 0.8592261904761904 0.6190476190476191 0.8571428571428571 0.63 0.8598214285714286 0.6347619047619047 0.868452380952381 0.6404761904761904 0.8705357142857143 0.6452380952380953 0.8696428571428572 0.6547619047619048 0.8592261904761904 0.6476190476190476 0.85625 0.6580952380952381 0.8526785714285714 0.6619047619047619 0.8470238095238095 0.660952380952381 0.8488095238095238 0.6466666666666666 0.8464285714285714 0.63 0.8467261904761905 0.5642857142857143 0.8514880952380952 0.5628571428571428
2 0.47886904761904764 0.5438095238095239 0.4818452380952381 0.5552380952380952 0.48779761904761904 0.5633333333333334 0.49166666666666664 0.58 0.4913690476190476 0.589047619047619 0.48839285714285713 0.5942857142857143 0.48392857142857143 0.6157142857142858 0.4863095238095238 0.6271428571428571 0.48601190476190476 0.6371428571428571 0.4818452380952381 0.6471428571428571 0.4773809523809524 0.6438095238095238 0.4738095238095238 0.6261904761904762 0.47351190476190474 0.6147619047619047 0.4669642857142857 0.589047619047619 0.46726190476190477 0.5742857142857143 0.47351190476190474 0.5552380952380952 0.4738095238095238 0.5466666666666666 0.4758928571428571 0.5433333333333333 0.4785714285714286 0.5438095238095239
2 0.6372023809523809 0.42952380952380953 0.6455357142857143 0.4452380952380952 0.6428571428571429 0.48428571428571426 0.6511904761904762 0.4980952380952381 0.6508928571428572 0.5066666666666667 0.6473214285714286 0.5052380952380953 0.638095238095238 0.49142857142857144 0.6348214285714285 0.4942857142857143 0.6324404761904762 0.5028571428571429 0.6300595238095238 0.5042857142857143 0.6279761904761905 0.5019047619047619 0.63125 0.4695238095238095 0.6306547619047619 0.4461904761904762 0.6327380952380952 0.430952380952381 0.6369047619047619 0.42952380952380953
2 0.7967261904761904 0.4685714285714286 0.8008928571428572 0.4704761904761905 0.8050595238095238 0.4876190476190476 0.8035714285714286 0.5276190476190477 0.8008928571428572 0.5376190476190477 0.8071428571428572 0.5538095238095239 0.8053571428571429 0.5628571428571428 0.8014880952380953 0.5657142857142857 0.7931547619047619 0.5642857142857143 0.7922619047619047 0.5614285714285714 0.794345238095238 0.550952380952381 0.7916666666666666 0.5247619047619048 0.794047619047619 0.47285714285714286 0.7964285714285714 0.46904761904761905
2 0.5190476190476191 0.4038095238095238 0.5217261904761905 0.40714285714285714 0.530952380952381 0.439047619047619 0.5300595238095238 0.44285714285714284 0.5252976190476191 0.4423809523809524 0.5202380952380953 0.4552380952380952 0.5214285714285715 0.4642857142857143 0.5282738095238095 0.47714285714285715 0.5264880952380953 0.4804761904761905 0.5080357142857143 0.4680952380952381 0.5029761904761905 0.4576190476190476 0.5074404761904762 0.44285714285714284 0.5071428571428571 0.4219047619047619 0.51875 0.4038095238095238
2 0.5720238095238095 0.43142857142857144 0.5779761904761904 0.45571428571428574 0.575297619047619 0.49333333333333335 0.5764880952380952 0.5085714285714286 0.5747023809523809 0.5133333333333333 0.5693452380952381 0.5142857142857142 0.5657738095238095 0.5119047619047619 0.5636904761904762 0.47 0.5669642857142857 0.4328571428571429 0.5717261904761904 0.43142857142857144
2 0.49523809523809526 0.41 0.5 0.4157142857142857 0.5032738095238095 0.4280952380952381 0.5038690476190476 0.4633333333333333 0.49851190476190477 0.4776190476190476 0.49464285714285716 0.47714285714285715 0.49166666666666664 0.46095238095238095 0.4806547619047619 0.4738095238095238 0.4779761904761905 0.4704761904761905 0.48095238095238096 0.46 0.4857142857142857 0.45285714285714285 0.4851190476190476 0.44666666666666666 0.48928571428571427 0.43 0.48928571428571427 0.41095238095238096 0.4907738095238095 0.4085714285714286 0.4949404761904762 0.41
2 0.8339285714285715 0.4423809523809524 0.8363095238095238 0.4461904761904762 0.8375 0.4614285714285714 0.8375 0.5014285714285714 0.8395833333333333 0.5290476190476191 0.8342261904761905 0.53 0.8315476190476191 0.5166666666666667 0.8282738095238096 0.5314285714285715 0.8229166666666666 0.5295238095238095 0.8214285714285714 0.5042857142857143 0.8229166666666666 0.4838095238095238 0.8208333333333333 0.4704761904761905 0.8270833333333333 0.4452380952380952 0.830654761904762 0.44095238095238093 0.8336309523809524 0.4423809523809524
2 0.5086309523809524 0.5904761904761905 0.5113095238095238 0.6028571428571429 0.5190476190476191 0.621904761904762 0.5190476190476191 0.6266666666666667 0.512797619047619 0.6338095238095238 0.5092261904761904 0.6571428571428571 0.5095238095238095 0.6638095238095238 0.5154761904761904 0.6761904761904762 0.5160714285714286 0.6819047619047619 0.5050595238095238 0.6757142857142857 0.49910714285714286 0.6861904761904762 0.4967261904761905 0.6833333333333333 0.49910714285714286 0.669047619047619 0.49851190476190477 0.6390476190476191 0.4943452380952381 0.6204761904761905 0.49642857142857144 0.611904761904762 0.5032738095238095 0.6033333333333334 0.5044642857142857 0.5928571428571429 0.5083333333333333 0.5904761904761905
2 0.7491071428571429 0.4695238095238095 0.7556547619047619 0.4804761904761905 0.7538690476190476 0.49 0.7550595238095238 0.5195238095238095 0.7633928571428571 0.5357142857142857 0.7625 0.54 0.7592261904761904 0.5423809523809524 0.7571428571428571 0.5419047619047619 0.7517857142857143 0.530952380952381 0.7446428571428572 0.5333333333333333 0.7410714285714286 0.5295238095238095 0.7413690476190476 0.4957142857142857 0.7360119047619048 0.48428571428571426 0.7389880952380953 0.4776190476190476 0.7410714285714286 0.46095238095238095 0.7449404761904762 0.4604761904761905 0.7488095238095238 0.4695238095238095
2 0.8279761904761904 0.4104761904761905 0.8315476190476191 0.4114285714285714 0.8348214285714286 0.4166666666666667 0.8375 0.43238095238095237 0.8348214285714286 0.4423809523809524 0.83125 0.4423809523809524 0.8282738095238096 0.44666666666666666 0.8226190476190476 0.4723809523809524 0.8235119047619047 0.48428571428571426 0.8211309523809524 0.4938095238095238 0.8169642857142857 0.49476190476190474 0.812797619047619 0.490952380952381 0.8175595238095238 0.4838095238095238 0.8178571428571428 0.4661904761904762 0.8244047619047619 0.4423809523809524 0.8276785714285714 0.41095238095238096
1 0.3976190476190476 0.40285714285714286 0.39880952380952384 0.4085714285714286 0.39672619047619045 0.4138095238095238 0.39613095238095236 0.43476190476190474 0.41160714285714284 0.4595238095238095 0.41160714285714284 0.4633333333333333 0.4080357142857143 0.4638095238095238 0.40089285714285716 0.45571428571428574 0.3970238095238095 0.46476190476190476 0.3869047619047619 0.4738095238095238 0.3836309523809524 0.4738095238095238 0.3821428571428571 0.4704761904761905 0.3863095238095238 0.4604761904761905 0.3821428571428571 0.44285714285714284 0.38244047619047616 0.43523809523809526 0.3869047619047619 0.41714285714285715 0.39345238095238094 0.4042857142857143 0.39732142857142855 0.40285714285714286
3 0.9160714285714285 0.2542857142857143 0.919345238095238 0.26 0.9199404761904761 0.28476190476190477 0.9270833333333334 0.29523809523809524 0.9270833333333334 0.29904761904761906 0.9238095238095239 0.3 0.9196428571428571 0.2947619047619048 0.912797619047619 0.2938095238095238 0.9077380952380952 0.3019047619047619 0.9056547619047619 0.2985714285714286 0.9047619047619048 0.2838095238095238 0.9119047619047619 0.26904761904761904 0.9116071428571428 0.25857142857142856 0.9157738095238095 0.2542857142857143