2 0.43005952380952384 0.5733333333333334 0.4324404761904762 0.5757142857142857 0.4330357142857143 0.5847619047619048 0.4330357142857143 0.6023809523809524 0.43005952380952384 0.6138095238095238 0.4318452380952381 0.63 0.4217261904761905 0.6528571428571428 0.41577380952380955 0.6476190476190476 0.41964285714285715 0.6338095238095238 0.41875 0.6109523809523809 0.425 0.5780952380952381 0.4264880952380952 0.5742857142857143 0.4297619047619048 0.5733333333333334
2 0.08928571428571429 0.4014285714285714 0.09107142857142857 0.40523809523809523 0.09017857142857143 0.4357142857142857 0.09166666666666666 0.44952380952380955 0.08839285714285715 0.45476190476190476 0.08154761904761905 0.4552380952380952 0.07797619047619048 0.4614285714285714 0.0744047619047619 0.45476190476190476 0.07916666666666666 0.439047619047619 0.08095238095238096 0.4180952380952381 0.08482142857142858 0.4033333333333333 0.08898809523809524 0.4014285714285714
2 0.08660714285714285 0.45 0.0886904761904762 0.45904761904761904 0.08928571428571429 0.4804761904761905 0.08779761904761904 0.490952380952381 0.09196428571428572 0.5190476190476191 0.09613095238095239 0.5257142857142857 0.09345238095238095 0.5280952380952381 0.08630952380952381 0.5266666666666666 0.08363095238095238 0.5123809523809524 0.08095238095238096 0.508095238095238 0.06696428571428571 0.5109523809523809 0.06011904761904762 0.5061904761904762 0.0681547619047619 0.49523809523809526 0.07113095238095238 0.4942857142857143 0.07410714285714286 0.4980952380952381 0.07827380952380952 0.49857142857142855 0.0744047619047619 0.4742857142857143 0.08065476190476191 0.4542857142857143 0.08630952380952381 0.45
2 0.00505952380952381 0.38047619047619047 0.009523809523809525 0.38666666666666666 0.013988095238095239 0.4023809523809524 0.017261904761904763 0.4380952380952381 0.01607142857142857 0.44285714285714284 0.008630952380952382 0.43666666666666665 0 0.43666666666666665 0 0.3819047619047619 0.004761904761904762 0.38047619047619047
2 0.06547619047619048 0.6023809523809524 0.0675595238095238 0.6038095238095238 0.07172619047619047 0.6257142857142857 0.07589285714285714 0.6647619047619048 0.07559523809523809 0.6795238095238095 0.07797619047619048 0.689047619047619 0.07083333333333333 0.6866666666666666 0.0675595238095238 0.6647619047619048 0.06101190476190476 0.6666666666666666 0.04375 0.6876190476190476 0.04047619047619048 0.6823809523809524 0.040773809523809525 0.6747619047619048 0.056845238095238095 0.660952380952381 0.058333333333333334 0.6433333333333333 0.055357142857142855 0.6295238095238095 0.06160714285714286 0.6128571428571429 0.06130952380952381 0.6052380952380952 0.06517857142857143 0.6023809523809524
2 0.4357142857142857 0.6019047619047619 0.43779761904761905 0.5952380952380952 0.43898809523809523 0.5542857142857143 0.4455357142857143 0.5304761904761904 0.4488095238095238 0.5323809523809524 0.44970238095238096 0.5414285714285715 0.4479166666666667 0.5833333333333334 0.44047619047619047 0.6023809523809524 0.43601190476190477 0.6019047619047619
2 0.4148809523809524 0.5304761904761904 0.41875 0.5328571428571428 0.4232142857142857 0.5514285714285714 0.4226190476190476 0.5576190476190476 0.41845238095238096 0.5642857142857143 0.4175595238095238 0.5919047619047619 0.41517857142857145 0.6071428571428571 0.4107142857142857 0.6085714285714285 0.4074404761904762 0.6057142857142858 0.40327380952380953 0.5847619047619048 0.40625 0.5780952380952381 0.40476190476190477 0.5533333333333333 0.41458333333333336 0.530952380952381
2 0.4913690476190476 0.5904761904761905 0.49255952380952384 0.5952380952380952 0.48660714285714285 0.6161904761904762 0.4895833333333333 0.6366666666666667 0.4880952380952381 0.6571428571428571 0.4830357142857143 0.6542857142857142 0.4806547619047619 0.6366666666666667 0.4720238095238095 0.6438095238095238 0.4636904761904762 0.6414285714285715 0.4625 0.6371428571428571 0.4699404761904762 0.6319047619047619 0.4738095238095238 0.6128571428571429 0.48035714285714287 0.5995238095238096 0.49107142857142855 0.5904761904761905
2 0.10208333333333333 0.669047619047619 0.10595238095238095 0.6876190476190476 0.11160714285714286 0.6952380952380952 0.1074404761904762 0.7061904761904761 0.11160714285714286 0.7271428571428571 0.10952380952380952 0.74 0.11041666666666666 0.75 0.10327380952380952 0.7480952380952381 0.10446428571428572 0.7347619047619047 0.10238095238095238 0.7304761904761905 0.09464285714285714 0.7352380952380952 0.08482142857142858 0.7519047619047619 0.08125 0.7533333333333333 0.07946428571428571 0.7490476190476191 0.08065476190476191 0.7414285714285714 0.0886904761904762 0.7333333333333333 0.09464285714285714 0.7204761904761905 0.09553571428571428 0.710952380952381 0.09255952380952381 0.6923809523809524 0.09672619047619048 0.6819047619047619 0.09791666666666667 0.6719047619047619 0.10178571428571428 0.6695238095238095
0 0.5154761904761904 0.64 0.518154761904762 0.6461904761904762 0.5157738095238096 0.650952380952381 0.5125 0.650952380952381 0.5101190476190476 0.6466666666666666 0.5110119047619047 0.6409523809523809 0.5151785714285714 0.64
1 0.7208333333333333 0.5266666666666666 0.7309523809523809 0.5380952380952381 0.7363095238095239 0.5533333333333333 0.7345238095238096 0.5619047619047619 0.7380952380952381 0.5819047619047619 0.7345238095238096 0.5847619047619048 0.7276785714285714 0.5814285714285714 0.7264880952380952 0.5742857142857143 0.7178571428571429 0.5604761904761905 0.7116071428571429 0.5571428571428572 0.7148809523809524 0.5480952380952381 0.7145833333333333 0.5357142857142857 0.7175595238095238 0.5276190476190477 0.7205357142857143 0.5266666666666666