0 0.6514880952380953 0.41285714285714287 0.6550595238095238 0.4138095238095238 0.6574404761904762 0.4185714285714286 0.6544642857142857 0.4266666666666667 0.6505952380952381 0.4266666666666667 0.6488095238095238 0.42333333333333334 0.6485119047619048 0.4176190476190476 0.6511904761904762 0.41285714285714287
2 0.6282738095238095 0.2885714285714286 0.6300595238095238 0.28904761904761905 0.6369047619047619 0.3057142857142857 0.638095238095238 0.34 0.6369047619047619 0.34523809523809523 0.6300595238095238 0.3423809523809524 0.625 0.3342857142857143 0.6276785714285714 0.31523809523809526 0.625 0.2919047619047619 0.6279761904761905 0.2885714285714286
2 0.5519345238095238 0.3580952380952381 0.021130952380952382 0.07714285714285714
2 0.44970238095238096 0.3757142857142857 0.4517857142857143 0.3942857142857143 0.4485119047619048 0.4080952380952381 0.4488095238095238 0.41619047619047617 0.4538690476190476 0.44571428571428573 0.45982142857142855 0.4561904761904762 0.4568452380952381 0.46095238095238095 0.4523809523809524 0.46 0.44702380952380955 0.44095238095238093 0.44285714285714284 0.43523809523809526 0.4407738095238095 0.44 0.4407738095238095 0.45571428571428574 0.4369047619047619 0.45666666666666667 0.4354166666666667 0.4514285714285714 0.4351190476190476 0.39380952380952383 0.44226190476190474 0.38333333333333336 0.444047619047619 0.3761904761904762 0.4494047619047619 0.3757142857142857
2 0.4297619047619048 0.370952380952381 0.43214285714285716 0.37285714285714283 0.43125 0.38476190476190475 0.4348214285714286 0.3904761904761905 0.4354166666666667 0.40095238095238095 0.42797619047619045 0.41619047619047617 0.42738095238095236 0.4357142857142857 0.42291666666666666 0.44904761904761903 0.4220238095238095 0.46095238095238095 0.4181547619047619 0.46 0.4148809523809524 0.45380952380952383 0.41785714285714287 0.43476190476190474 0.4139880952380952 0.4147619047619048 0.41904761904761906 0.38952380952380955 0.42529761904761904 0.3719047619047619 0.4294642857142857 0.370952380952381
2 0.9747023809523809 0.5190476190476191 0.9806547619047619 0.5361904761904762 0.9883928571428572 0.5819047619047619 0.9910714285714286 0.5852380952380952 0.999702380952381 0.5823809523809523 0.999702380952381 0.5914285714285714 0.9845238095238096 0.5904761904761905 0.9785714285714285 0.5852380952380952 0.9738095238095238 0.5852380952380952 0.9693452380952381 0.5933333333333334 0.9633928571428572 0.6166666666666667 0.95625 0.6157142857142858 0.9526785714285714 0.6085714285714285 0.9592261904761905 0.6004761904761905 0.969047619047619 0.5614285714285714 0.9678571428571429 0.5214285714285715 0.9696428571428571 0.5185714285714286 0.9744047619047619 0.5190476190476191
2 0.6092261904761904 0.3419047619047619 0.612202380952381 0.3457142857142857 0.6130952380952381 0.35523809523809524 0.6077380952380952 0.36 0.6047619047619047 0.370952380952381 0.606845238095238 0.3904761904761905 0.6023809523809524 0.40523809523809523 0.6023809523809524 0.4166666666666667 0.5982142857142857 0.4176190476190476 0.5943452380952381 0.4138095238095238 0.5970238095238095 0.3933333333333333 0.5919642857142857 0.38333333333333336 0.5904761904761905 0.3680952380952381 0.5955357142857143 0.3557142857142857 0.6089285714285714 0.3423809523809524
2 0.20238095238095238 0.4357142857142857 0.20327380952380952 0.4423809523809524 0.2 0.4738095238095238 0.20148809523809524 0.49857142857142855 0.1913690476190476 0.5114285714285715 0.18958333333333333 0.518095238095238 0.18571428571428572 0.5190476190476191 0.18154761904761904 0.5157142857142857 0.18154761904761904 0.5119047619047619 0.18928571428571428 0.49523809523809526 0.1880952380952381 0.4723809523809524 0.1907738095238095 0.45714285714285713 0.19672619047619047 0.43714285714285717 0.20208333333333334 0.4357142857142857
2 0.575595238095238 0.31666666666666665 0.5773809523809523 0.32095238095238093 0.5735119047619047 0.3419047619047619 0.575595238095238 0.36238095238095236 0.5714285714285714 0.38333333333333336 0.5675595238095238 0.38476190476190475 0.5654761904761905 0.38 0.5666666666666667 0.3647619047619048 0.5613095238095238 0.3523809523809524 0.5613095238095238 0.34 0.5633928571428571 0.3314285714285714 0.5708333333333333 0.3180952380952381 0.575297619047619 0.31666666666666665
2 0.2875 0.4080952380952381 0.287797619047619 0.41904761904761906 0.2916666666666667 0.430952380952381 0.2961309523809524 0.4357142857142857 0.2875 0.44666666666666666 0.2883928571428571 0.4742857142857143 0.2869047619047619 0.49142857142857144 0.28422619047619047 0.49523809523809526 0.2794642857142857 0.49523809523809526 0.2755952380952381 0.490952380952381 0.2794642857142857 0.47 0.27232142857142855 0.4461904761904762 0.27232142857142855 0.4361904761904762 0.2806547619047619 0.4176190476190476 0.28214285714285714 0.4095238095238095 0.28720238095238093 0.4080952380952381
2 0.6973214285714285 0.3433333333333333 0.7029761904761904 0.36 0.7047619047619048 0.38761904761904764 0.7163690476190476 0.3985714285714286 0.71875 0.4042857142857143 0.7142857142857143 0.40523809523809523 0.69375 0.39476190476190476 0.6880952380952381 0.39714285714285713 0.6854166666666667 0.4076190476190476 0.6830357142857143 0.41 0.6779761904761905 0.41 0.6761904761904762 0.40714285714285714 0.6898809523809524 0.37761904761904763 0.6913690476190476 0.3442857142857143 0.6970238095238095 0.3433333333333333
2 0.6199404761904762 0.3038095238095238 0.6238095238095238 0.32571428571428573 0.6223214285714286 0.3380952380952381 0.6223214285714286 0.36666666666666664 0.624702380952381 0.3861904761904762 0.6235119047619048 0.38952380952380955 0.6196428571428572 0.38952380952380955 0.611904761904762 0.37952380952380954 0.6136904761904762 0.36 0.6083333333333333 0.33 0.6089285714285714 0.3223809523809524 0.6139880952380953 0.3138095238095238 0.6160714285714286 0.30428571428571427 0.6196428571428572 0.3038095238095238
3 0.7785714285714286 0.17476190476190476 0.7851190476190476 0.18523809523809523 0.7869047619047619 0.20666666666666667 0.7916666666666666 0.22666666666666666 0.7901785714285714 0.23 0.7866071428571428 0.22714285714285715 0.7827380952380952 0.21523809523809523 0.7758928571428572 0.22238095238095237 0.7711309523809524 0.2219047619047619 0.7672619047619048 0.22714285714285715 0.7633928571428571 0.22476190476190477 0.7693452380952381 0.20333333333333334 0.7699404761904762 0.1819047619047619 0.774702380952381 0.1742857142857143 0.7782738095238095 0.17476190476190476
3 0.8324404761904762 0.3676190476190476 0.8419642857142857 0.38285714285714284 0.84375 0.39 0.8458333333333333 0.4076190476190476 0.8455357142857143 0.42523809523809525 0.8497023809523809 0.4514285714285714 0.8476190476190476 0.4561904761904762 0.8422619047619048 0.45285714285714285 0.8422619047619048 0.43857142857142856 0.8383928571428572 0.43 0.8288690476190477 0.4552380952380952 0.8241071428571428 0.45571428571428574 0.8208333333333333 0.4519047619047619 0.8276785714285714 0.44142857142857145 0.8339285714285715 0.4114285714285714 0.830654761904762 0.4042857142857143 0.8315476190476191 0.3838095238095238 0.8282738095238096 0.37333333333333335 0.8282738095238096 0.36952380952380953 0.8321428571428572 0.3676190476190476
1 0.2550595238095238 0.36 0.25833333333333336 0.3619047619047619 0.25952380952380955 0.3661904761904762 0.2556547619047619 0.38095238095238093 0.24970238095238095 0.3904761904761905 0.2511904761904762 0.40476190476190477 0.24821428571428572 0.4176190476190476 0.24910714285714286 0.43142857142857144 0.24375 0.43142857142857144 0.23779761904761904 0.42428571428571427 0.23809523809523808 0.4042857142857143 0.2318452380952381 0.3861904761904762 0.23720238095238094 0.37 0.25089285714285714 0.3657142857142857 0.25476190476190474 0.36047619047619045
2 0.4711309523809524 0.34095238095238095 0.47410714285714284 0.3504761904761905 0.47351190476190474 0.36857142857142855 0.4818452380952381 0.37 0.4830357142857143 0.37285714285714283 0.47172619047619047 0.3757142857142857 0.47291666666666665 0.4057142857142857 0.4693452380952381 0.43714285714285717 0.46339285714285716 0.4361904761904762 0.4654761904761905 0.4095238095238095 0.4630952380952381 0.4061904761904762 0.45714285714285713 0.43 0.4511904761904762 0.4338095238095238 0.4568452380952381 0.4033333333333333 0.45922619047619045 0.3738095238095238 0.45863095238095236 0.36857142857142855 0.45535714285714285 0.3780952380952381 0.4517857142857143 0.379047619047619 0.45148809523809524 0.3742857142857143 0.45357142857142857 0.3638095238095238 0.4610119047619048 0.35285714285714287 0.46517857142857144 0.3504761904761905 0.4681547619047619 0.3414285714285714 0.4708333333333333 0.34095238095238095