0 0.5232142857142857 0.4014285714285714 0.5273809523809524 0.4061904761904762 0.5282738095238095 0.41333333333333333 0.5264880952380953 0.42 0.5229166666666667 0.42333333333333334 0.5154761904761904 0.41714285714285715 0.5107142857142857 0.4076190476190476 0.5154761904761904 0.3985714285714286 0.5229166666666667 0.4014285714285714
2 0.781547619047619 0.22523809523809524 0.7836309523809524 0.22714285714285715 0.7845238095238095 0.2342857142857143 0.7967261904761904 0.2509523809523809 0.8 0.26666666666666666 0.8 0.27 0.7967261904761904 0.2719047619047619 0.7934523809523809 0.25666666666666665 0.7892857142857143 0.25333333333333335 0.7872023809523809 0.2571428571428571 0.7880952380952381 0.2742857142857143 0.7851190476190476 0.30857142857142855 0.7860119047619047 0.32476190476190475 0.7830357142857143 0.3261904761904762 0.7803571428571429 0.32047619047619047 0.7744047619047619 0.2833333333333333 0.7735119047619048 0.25523809523809526 0.7702380952380953 0.25142857142857145 0.762797619047619 0.25476190476190474 0.7616071428571428 0.2523809523809524 0.7758928571428572 0.23523809523809525 0.7773809523809524 0.22666666666666666 0.78125 0.22523809523809524
2 0.4979166666666667 0.45571428571428574 0.5074404761904762 0.47333333333333333 0.5116071428571428 0.49333333333333335 0.5086309523809524 0.508095238095238 0.5166666666666667 0.5257142857142857 0.5190476190476191 0.5433333333333333 0.5241071428571429 0.5538095238095239 0.5223214285714286 0.5585714285714286 0.5190476190476191 0.5576190476190476 0.5080357142857143 0.5319047619047619 0.5014880952380952 0.5323809523809524 0.49910714285714286 0.55 0.500297619047619 0.5957142857142858 0.4973214285714286 0.5980952380952381 0.49464285714285716 0.5952380952380952 0.4913690476190476 0.58 0.4901785714285714 0.5485714285714286 0.4836309523809524 0.4880952380952381 0.48541666666666666 0.4766666666666667 0.4919642857142857 0.4595238095238095 0.4976190476190476 0.4561904761904762
2 0.75 0.38666666666666666 0.7529761904761905 0.3904761904761905 0.7538690476190476 0.4038095238095238 0.7595238095238095 0.4147619047619048 0.7607142857142857 0.43142857142857144 0.7577380952380952 0.44285714285714284 0.7505952380952381 0.5042857142857143 0.7485119047619048 0.5071428571428571 0.7351190476190477 0.5014285714285714 0.7389880952380953 0.48714285714285716 0.7351190476190477 0.4785714285714286 0.7345238095238096 0.4719047619047619 0.7351190476190477 0.4604761904761905 0.7380952380952381 0.44952380952380955 0.736904761904762 0.4380952380952381 0.7407738095238096 0.4057142857142857 0.743452380952381 0.4 0.7446428571428572 0.38952380952380955 0.7467261904761905 0.3861904761904762 0.749702380952381 0.38666666666666666
2 0.5211309523809524 0.41523809523809524 0.5232142857142857 0.4185714285714286 0.5235119047619048 0.42857142857142855 0.5157738095238096 0.45380952380952383 0.5160714285714286 0.47285714285714286 0.518154761904762 0.4776190476190476 0.5303571428571429 0.4857142857142857 0.5342261904761905 0.5119047619047619 0.5327380952380952 0.5190476190476191 0.5291666666666667 0.5185714285714286 0.5232142857142857 0.49476190476190474 0.5101190476190476 0.490952380952381 0.5068452380952381 0.47619047619047616 0.5011904761904762 0.46476190476190476 0.5014880952380952 0.46 0.5107142857142857 0.4461904761904762 0.5178571428571429 0.4261904761904762 0.518452380952381 0.4157142857142857 0.5208333333333334 0.41523809523809524
2 0.7491071428571429 0.27285714285714285 0.7523809523809524 0.2757142857142857 0.7535714285714286 0.2857142857142857 0.7619047619047619 0.30142857142857143 0.763095238095238 0.3161904761904762 0.7619047619047619 0.3261904761904762 0.7592261904761904 0.3295238095238095 0.7547619047619047 0.3252380952380952 0.7416666666666667 0.38333333333333336 0.736904761904762 0.38 0.7386904761904762 0.36666666666666664 0.7377976190476191 0.35904761904761906 0.731547619047619 0.37523809523809526 0.7273809523809524 0.37476190476190474 0.7267857142857143 0.37238095238095237 0.731845238095238 0.3595238095238095 0.7354166666666667 0.32666666666666666 0.7327380952380952 0.30857142857142855 0.7336309523809523 0.3 0.7443452380952381 0.2838095238095238 0.7461309523809524 0.2757142857142857 0.7488095238095238 0.27285714285714285
2 0.47291666666666665 0.7838095238095238 0.4764880952380952 0.7895238095238095 0.47470238095238093 0.8104761904761905 0.48273809523809524 0.82 0.48988095238095236 0.8395238095238096 0.4967261904761905 0.8452380952380952 0.4982142857142857 0.8495238095238096 0.4943452380952381 0.8523809523809524 0.4875 0.849047619047619 0.4806547619047619 0.840952380952381 0.47886904761904764 0.8447619047619047 0.4806547619047619 0.88 0.4738095238095238 0.9361904761904762 0.4738095238095238 0.9495238095238095 0.4720238095238095 0.95 0.4666666666666667 0.9471428571428572 0.46339285714285716 0.9357142857142857 0.46190476190476193 0.9076190476190477 0.4568452380952381 0.8738095238095238 0.45535714285714285 0.8314285714285714 0.4511904761904762 0.8295238095238096 0.44226190476190474 0.8323809523809523 0.44107142857142856 0.8276190476190476 0.45267857142857143 0.8133333333333334 0.46458333333333335 0.8076190476190476 0.4660714285714286 0.8038095238095239 0.46517857142857144 0.7895238095238095 0.46845238095238095 0.7842857142857143 0.4726190476190476 0.7838095238095238
2 0.4654761904761905 0.4980952380952381 0.4669642857142857 0.5014285714285714 0.4666666666666667 0.5152380952380953 0.4738095238095238 0.5233333333333333 0.47708333333333336 0.5338095238095238 0.4779761904761905 0.5471428571428572 0.4726190476190476 0.5538095238095239 0.47291666666666665 0.5580952380952381 0.4785714285714286 0.5733333333333334 0.4818452380952381 0.6133333333333333 0.4863095238095238 0.6223809523809524 0.4720238095238095 0.6247619047619047 0.4663690476190476 0.6228571428571429 0.46458333333333335 0.5914285714285714 0.45595238095238094 0.569047619047619 0.4511904761904762 0.5333333333333333 0.44047619047619047 0.5266666666666666 0.44107142857142856 0.5223809523809524 0.44434523809523807 0.5190476190476191 0.45803571428571427 0.5128571428571429 0.4595238095238095 0.5004761904761905 0.46517857142857144 0.4980952380952381
2 0.3744047619047619 0.4204761904761905 0.37648809523809523 0.4238095238095238 0.38035714285714284 0.44761904761904764 0.3800595238095238 0.4680952380952381 0.37529761904761905 0.4828571428571429 0.3782738095238095 0.518095238095238 0.37857142857142856 0.5504761904761905 0.3770833333333333 0.5533333333333333 0.3732142857142857 0.5495238095238095 0.3717261904761905 0.5433333333333333 0.36964285714285716 0.5071428571428571 0.36607142857142855 0.5061904761904762 0.3645833333333333 0.5085714285714286 0.35982142857142857 0.5276190476190477 0.3586309523809524 0.5328571428571428 0.35982142857142857 0.5471428571428572 0.35595238095238096 0.5471428571428572 0.3535714285714286 0.5419047619047619 0.3523809523809524 0.5290476190476191 0.35535714285714287 0.5128571428571429 0.3541666666666667 0.48333333333333334 0.35625 0.4666666666666667 0.3550595238095238 0.4623809523809524 0.3488095238095238 0.45714285714285713 0.34910714285714284 0.45285714285714285 0.35535714285714287 0.4423809523809524 0.3657738095238095 0.4319047619047619 0.36815476190476193 0.42095238095238097 0.37410714285714286 0.4204761904761905
2 0.5654761904761905 0.41095238095238096 0.5747023809523809 0.44666666666666666 0.5744047619047619 0.44857142857142857 0.5717261904761904 0.4461904761904762 0.5639880952380952 0.43238095238095237 0.5616071428571429 0.43666666666666665 0.5610119047619048 0.5142857142857142 0.55625 0.5109523809523809 0.5535714285714286 0.48238095238095235 0.5514880952380953 0.4919047619047619 0.5520833333333334 0.5085714285714286 0.55 0.5104761904761905 0.5467261904761904 0.5052380952380953 0.5455357142857142 0.4766666666666667 0.5410714285714285 0.4676190476190476 0.5425595238095238 0.4519047619047619 0.5363095238095238 0.4461904761904762 0.5363095238095238 0.4342857142857143 0.5395833333333333 0.4204761904761905 0.5467261904761904 0.4085714285714286 0.5529761904761905 0.4038095238095238 0.5571428571428572 0.39380952380952383 0.5610119047619048 0.39476190476190476 0.562797619047619 0.4066666666666667 0.5651785714285714 0.41095238095238096
2 0.7116071428571429 0.3028571428571429 0.7133928571428572 0.3038095238095238 0.7148809523809524 0.3157142857142857 0.7205357142857143 0.32476190476190475 0.7229166666666667 0.3376190476190476 0.7160714285714286 0.35095238095238096 0.7145833333333333 0.3585714285714286 0.7157738095238095 0.40523809523809523 0.7133928571428572 0.4247619047619048 0.7092261904761905 0.42333333333333334 0.7095238095238096 0.4095238095238095 0.7053571428571429 0.40476190476190477 0.7038690476190477 0.39714285714285713 0.6964285714285714 0.38761904761904764 0.6949404761904762 0.3757142857142857 0.6970238095238095 0.3595238095238095 0.6955357142857143 0.3461904761904762 0.6970238095238095 0.3238095238095238 0.705952380952381 0.31285714285714283 0.7083333333333334 0.30333333333333334 0.7113095238095238 0.3028571428571429
3 0.5508928571428572 0.22047619047619046 0.5544642857142857 0.22238095238095237 0.5639880952380952 0.2480952380952381 0.5642857142857143 0.2652380952380952 0.5607142857142857 0.27095238095238094 0.5592261904761905 0.2861904761904762 0.5633928571428571 0.30714285714285716 0.562202380952381 0.310952380952381 0.5595238095238095 0.310952380952381 0.5568452380952381 0.29714285714285715 0.5529761904761905 0.28904761904761905 0.5505952380952381 0.29333333333333333 0.5505952380952381 0.3142857142857143 0.5470238095238096 0.31857142857142856 0.54375 0.2985714285714286 0.54375 0.26904761904761904 0.5366071428571428 0.26857142857142857 0.5422619047619047 0.23761904761904762 0.5479166666666667 0.23095238095238096 0.5505952380952381 0.22047619047619046
3 0.21577380952380953 0.4228571428571429 0.21904761904761905 0.4280952380952381 0.21696428571428572 0.4342857142857143 0.21398809523809523 0.43142857142857144 0.21041666666666667 0.42 0.2080357142857143 0.42142857142857143 0.20773809523809525 0.42857142857142855 0.21369047619047618 0.4461904761904762 0.21726190476190477 0.47 0.22470238095238096 0.47619047619047616 0.2261904761904762 0.4804761904761905 0.22380952380952382 0.4828571428571429 0.21577380952380953 0.4804761904761905 0.21279761904761904 0.4757142857142857 0.2086309523809524 0.45571428571428574 0.20267857142857143 0.44666666666666666 0.1976190476190476 0.4442857142857143 0.19583333333333333 0.4461904761904762 0.19017857142857142 0.4738095238095238 0.18988095238095237 0.49047619047619045 0.1863095238095238 0.4919047619047619 0.18392857142857144 0.4895238095238095 0.1836309523809524 0.48523809523809525 0.18839285714285714 0.45476190476190476 0.18660714285714286 0.4342857142857143 0.18928571428571428 0.4038095238095238 0.19226190476190477 0.3933333333333333 0.2011904761904762 0.3842857142857143 0.20357142857142857 0.37285714285714283 0.20952380952380953 0.37285714285714283 0.21220238095238095 0.38142857142857145 0.2154761904761905 0.4228571428571429
3 0.9672619047619048 0.45095238095238094 0.9714285714285714 0.45285714285714285 0.9732142857142857 0.4633333333333333 0.9836309523809523 0.4876190476190476 0.9836309523809523 0.4942857142857143 0.9797619047619047 0.5066666666666667 0.9770833333333333 0.5385714285714286 0.9794642857142857 0.5771428571428572 0.9773809523809524 0.5814285714285714 0.969047619047619 0.5804761904761905 0.9654761904761905 0.570952380952381 0.9705357142857143 0.5633333333333334 0.9642857142857143 0.53 0.9654761904761905 0.5033333333333333 0.9616071428571429 0.45666666666666667 0.9630952380952381 0.4523809523809524 0.9669642857142857 0.45095238095238094