0 0.6104166666666667 0.4680952380952381 0.6127976190476191 0.4742857142857143 0.6098214285714286 0.4776190476190476 0.6056547619047619 0.47714285714285715 0.6041666666666666 0.4723809523809524 0.6059523809523809 0.4676190476190476 0.6101190476190477 0.4680952380952381
2 0.7038690476190477 0.310952380952381 0.7077380952380953 0.31523809523809526 0.7098214285714286 0.32666666666666666 0.7107142857142857 0.3566666666666667 0.7017857142857142 0.36333333333333334 0.6985119047619047 0.36238095238095236 0.6979166666666666 0.3595238095238095 0.6976190476190476 0.3357142857142857 0.7011904761904761 0.3138095238095238 0.7035714285714286 0.310952380952381
2 0.6470238095238096 0.3842857142857143 0.6532738095238095 0.40095238095238095 0.6523809523809524 0.4228571428571429 0.6580357142857143 0.42952380952380953 0.6571428571428571 0.4319047619047619 0.6461309523809524 0.43333333333333335 0.6416666666666667 0.4480952380952381 0.6375 0.45 0.6366071428571428 0.44333333333333336 0.6404761904761904 0.3923809523809524 0.6440476190476191 0.38333333333333336 0.6467261904761905 0.3842857142857143
2 0.6133928571428572 0.41095238095238096 0.6196428571428572 0.4180952380952381 0.6232142857142857 0.42952380952380953 0.6258928571428571 0.45666666666666667 0.6232142857142857 0.4704761904761905 0.6199404761904762 0.4723809523809524 0.6169642857142857 0.47 0.6166666666666667 0.46190476190476193 0.6127976190476191 0.4542857142857143 0.6098214285714286 0.43047619047619046 0.6044642857142857 0.42238095238095236 0.5967261904761905 0.42 0.6092261904761904 0.41095238095238096 0.6130952380952381 0.41095238095238096
2 0.5824404761904762 0.33 0.587202380952381 0.3385714285714286 0.5866071428571429 0.37047619047619046 0.5886904761904762 0.38 0.5842261904761905 0.3819047619047619 0.58125 0.37952380952380954 0.5744047619047619 0.3904761904761905 0.5705357142857143 0.3871428571428571 0.5726190476190476 0.3380952380952381 0.5776785714285714 0.3304761904761905 0.5821428571428572 0.33
2 0.9809523809523809 0.4738095238095238 0.9863095238095239 0.4876190476190476 0.9886904761904762 0.5128571428571429 0.9866071428571429 0.550952380952381 0.9851190476190477 0.5538095238095239 0.9708333333333333 0.55 0.9729166666666667 0.5423809523809524 0.9699404761904762 0.5219047619047619 0.9738095238095238 0.5076190476190476 0.9744047619047619 0.4785714285714286 0.9761904761904762 0.4738095238095238 0.9806547619047619 0.4738095238095238
2 0.524702380952381 0.6576190476190477 0.5345238095238095 0.6785714285714286 0.537797619047619 0.7061904761904761 0.537797619047619 0.7238095238095238 0.5479166666666667 0.7352380952380952 0.5491071428571429 0.7428571428571429 0.5461309523809523 0.7471428571428571 0.5291666666666667 0.7276190476190476 0.5270833333333333 0.7333333333333333 0.5258928571428572 0.7547619047619047 0.5226190476190476 0.7571428571428571 0.5163690476190477 0.7542857142857143 0.5190476190476191 0.7480952380952381 0.5211309523809524 0.6761904761904762 0.5199404761904762 0.6623809523809524 0.5214285714285715 0.6576190476190477 0.5244047619047619 0.6576190476190477
2 0.46339285714285716 0.4085714285714286 0.4654761904761905 0.41095238095238096 0.4648809523809524 0.42333333333333334 0.45625 0.4719047619047619 0.44910714285714287 0.4633333333333333 0.44702380952380955 0.43142857142857144 0.4505952380952381 0.42095238095238097 0.4630952380952381 0.40904761904761905
2 0.44642857142857145 0.45571428571428574 0.44910714285714287 0.4580952380952381 0.45654761904761904 0.4785714285714286 0.45595238095238094 0.49952380952380954 0.45922619047619045 0.5152380952380953 0.4589285714285714 0.5271428571428571 0.4568452380952381 0.5314285714285715 0.45267857142857143 0.53 0.45089285714285715 0.5152380952380953 0.44702380952380955 0.5104761904761905 0.4413690476190476 0.5128571428571429 0.4357142857142857 0.5290476190476191 0.4324404761904762 0.5285714285714286 0.43154761904761907 0.5257142857142857 0.43214285714285716 0.5152380952380953 0.4369047619047619 0.5033333333333333 0.4375 0.4742857142857143 0.4425595238095238 0.45904761904761904 0.4461309523809524 0.45571428571428574
2 0.319047619047619 0.5261904761904762 0.3217261904761905 0.5328571428571428 0.32142857142857145 0.5471428571428572 0.3181547619047619 0.5614285714285714 0.3169642857142857 0.6061904761904762 0.31875 0.6128571428571429 0.3142857142857143 0.6138095238095238 0.30357142857142855 0.6057142857142858 0.3020833333333333 0.5771428571428572 0.2988095238095238 0.5680952380952381 0.29851190476190476 0.5557142857142857 0.30029761904761904 0.5466666666666666 0.30625 0.5366666666666666 0.31875 0.5261904761904762
2 0.7461309523809524 0.4033333333333333 0.7482142857142857 0.4042857142857143 0.7550595238095238 0.42428571428571427 0.7526785714285714 0.46285714285714286 0.75 0.4804761904761905 0.7479166666666667 0.48238095238095235 0.7422619047619048 0.4804761904761905 0.7398809523809524 0.43666666666666665 0.7425595238095238 0.4066666666666667 0.7458333333333333 0.4033333333333333
2 0.6232142857142857 0.4719047619047619 0.6330357142857143 0.49238095238095236 0.6336309523809524 0.5228571428571429 0.6369047619047619 0.5342857142857143 0.6369047619047619 0.540952380952381 0.6348214285714285 0.5447619047619048 0.631547619047619 0.5457142857142857 0.6300595238095238 0.5428571428571428 0.6288690476190476 0.55 0.6238095238095238 0.5542857142857143 0.6202380952380953 0.5533333333333333 0.6193452380952381 0.5004761904761905 0.6175595238095238 0.49142857142857144 0.6190476190476191 0.4738095238095238 0.6229166666666667 0.4719047619047619
2 0.5086309523809524 0.39476190476190476 0.5119047619047619 0.39666666666666667 0.5154761904761904 0.4080952380952381 0.5163690476190477 0.42 0.5208333333333334 0.43523809523809526 0.5229166666666667 0.46714285714285714 0.5160714285714286 0.46714285714285714 0.5136904761904761 0.4561904761904762 0.5047619047619047 0.44761904761904764 0.5014880952380952 0.41333333333333333 0.5032738095238095 0.4023809523809524 0.5083333333333333 0.3952380952380952
2 0.6738095238095239 0.4269047619047619 0.015476190476190477 0.06428571428571428
2 0.7967261904761904 0.34285714285714286 0.8 0.34476190476190477 0.8050595238095238 0.35428571428571426 0.8065476190476191 0.4033333333333333 0.7991071428571429 0.4042857142857143 0.7931547619047619 0.3861904761904762 0.7928571428571428 0.35285714285714287 0.7964285714285714 0.3433333333333333
3 0.8247023809523809 0.44571428571428573 0.8315476190476191 0.4595238095238095 0.8327380952380953 0.48238095238095235 0.830952380952381 0.49714285714285716 0.8375 0.5114285714285715 0.8380952380952381 0.5185714285714286 0.8342261904761905 0.520952380952381 0.8321428571428572 0.5142857142857142 0.8279761904761904 0.51 0.8264880952380952 0.5214285714285715 0.8220238095238095 0.5238095238095238 0.8196428571428571 0.5223809523809524 0.8211309523809524 0.5161904761904762 0.8211309523809524 0.45 0.8244047619047619 0.44571428571428573
1 0.04196428571428571 0.4247619047619048 0.042261904761904764 0.42857142857142855 0.03511904761904762 0.44904761904761903 0.03720238095238095 0.4580952380952381 0.034523809523809526 0.47714285714285715 0.04017857142857143 0.4838095238095238 0.03214285714285714 0.4847619047619048 0.02619047619047619 0.4928571428571429 0.021130952380952382 0.4919047619047619 0.019345238095238096 0.4880952380952381 0.022321428571428572 0.46904761904761905 0.01755952380952381 0.4580952380952381 0.01755952380952381 0.4461904761904762 0.025297619047619048 0.4338095238095238 0.03869047619047619 0.42428571428571427 0.041666666666666664 0.4247619047619048