0 0.73125 0.4757142857142857 0.7354166666666667 0.4804761904761905 0.7330357142857142 0.4857142857142857 0.7282738095238095 0.4838095238095238 0.7288690476190476 0.47714285714285715 0.7309523809523809 0.4757142857142857
2 0.7163690476190476 0.44952380952380955 0.71875 0.4442857142857143 0.7199404761904762 0.42523809523809525 0.718452380952381 0.4076190476190476 0.7211309523809524 0.39476190476190476 0.7241071428571428 0.39380952380952383 0.7306547619047619 0.4057142857142857 0.7306547619047619 0.4238095238095238 0.7330357142857142 0.4328571428571429 0.7255952380952381 0.43714285714285717 0.7202380952380952 0.4519047619047619 0.7169642857142857 0.4523809523809524 0.7166666666666667 0.45
2 0.6410714285714286 0.38285714285714284 0.6508928571428572 0.40476190476190477 0.6514880952380953 0.41333333333333333 0.655952380952381 0.42523809523809525 0.6544642857142857 0.42952380952380953 0.6470238095238096 0.42095238095238097 0.6404761904761904 0.4195238095238095 0.6386904761904761 0.4157142857142857 0.6395833333333333 0.39904761904761904 0.637797619047619 0.3871428571428571 0.6407738095238096 0.38285714285714284
2 0.7898809523809524 0.5271428571428571 0.7967261904761904 0.5452380952380952 0.8020833333333334 0.5752380952380952 0.812202380952381 0.5904761904761905 0.812202380952381 0.5952380952380952 0.8098214285714286 0.599047619047619 0.8056547619047619 0.59 0.7967261904761904 0.5814285714285714 0.7946428571428571 0.5985714285714285 0.7904761904761904 0.6019047619047619 0.7875 0.599047619047619 0.7889880952380952 0.5952380952380952 0.7898809523809524 0.5595238095238095 0.7875 0.5504761904761905 0.7863095238095238 0.5319047619047619 0.7866071428571428 0.5276190476190477 0.7895833333333333 0.5271428571428571
2 0.47886904761904764 0.4228571428571429 0.48154761904761906 0.43238095238095237 0.4806547619047619 0.4542857142857143 0.4842261904761905 0.4847619047619048 0.47767857142857145 0.48095238095238096 0.4732142857142857 0.4828571428571429 0.4708333333333333 0.4785714285714286 0.4693452380952381 0.44 0.47559523809523807 0.4247619047619048 0.4785714285714286 0.4228571428571429
2 0.5958333333333333 0.6671428571428571 0.6047619047619047 0.6880952380952381 0.6077380952380952 0.7271428571428571 0.61875 0.7409523809523809 0.6196428571428572 0.7480952380952381 0.6160714285714286 0.7490476190476191 0.6023809523809524 0.729047619047619 0.5988095238095238 0.729047619047619 0.5970238095238095 0.7338095238095238 0.5982142857142857 0.7528571428571429 0.5952380952380952 0.7561904761904762 0.5892857142857143 0.7542857142857143 0.5919642857142857 0.7480952380952381 0.5898809523809524 0.7242857142857143 0.5916666666666667 0.7119047619047619 0.5904761904761905 0.6876190476190476 0.5925595238095238 0.669047619047619 0.5955357142857143 0.6671428571428571
2 0.36964285714285716 0.5542857142857143 0.3711309523809524 0.5638095238095238 0.36875 0.5852380952380952 0.3732142857142857 0.5952380952380952 0.36964285714285716 0.6019047619047619 0.3672619047619048 0.6238095238095238 0.36815476190476193 0.6371428571428571 0.36666666666666664 0.6385714285714286 0.3619047619047619 0.6376190476190476 0.3601190476190476 0.6342857142857142 0.35892857142857143 0.6114285714285714 0.35595238095238096 0.5947619047619047 0.3595238095238095 0.5676190476190476 0.36607142857142855 0.5547619047619048 0.3693452380952381 0.5542857142857143
2 0.5623511904761904 0.4361904761904762 0.01636904761904762 0.05714285714285714
2 0.8336309523809524 0.4442857142857143 0.844047619047619 0.4633333333333333 0.8431547619047619 0.48857142857142855 0.8535714285714285 0.5042857142857143 0.8538690476190476 0.5090476190476191 0.8511904761904762 0.5104761904761905 0.8351190476190476 0.49666666666666665 0.8279761904761904 0.5152380952380953 0.8232142857142857 0.5119047619047619 0.8276785714285714 0.5019047619047619 0.8279761904761904 0.4919047619047619 0.8315476190476191 0.4776190476190476 0.8267857142857142 0.4666666666666667 0.8300595238095239 0.45714285714285713 0.8300595238095239 0.44571428571428573 0.8333333333333334 0.4442857142857143
2 0.6931547619047619 0.42142857142857143 0.6997023809523809 0.43142857142857144 0.7065476190476191 0.4561904761904762 0.70625 0.46095238095238095 0.6997023809523809 0.4642857142857143 0.6961309523809524 0.4704761904761905 0.6928571428571428 0.4666666666666667 0.6910714285714286 0.4576190476190476 0.6913690476190476 0.44 0.6892857142857143 0.42523809523809525 0.6928571428571428 0.42142857142857143
2 0.9217261904761904 0.3414285714285714 0.9255952380952381 0.3485714285714286 0.9276785714285715 0.36952380952380953 0.9303571428571429 0.3761904761904762 0.9220238095238096 0.3904761904761905 0.919047619047619 0.3880952380952381 0.9181547619047619 0.38333333333333336 0.9181547619047619 0.3485714285714286 0.91875 0.3433333333333333 0.9214285714285714 0.3414285714285714
2 0.9410714285714286 0.38761904761904764 0.9461309523809524 0.39476190476190476 0.9473214285714285 0.4033333333333333 0.9428571428571428 0.4423809523809524 0.9407738095238095 0.4438095238095238 0.9351190476190476 0.44333333333333336 0.9321428571428572 0.43952380952380954 0.9336309523809524 0.4 0.9357142857142857 0.39095238095238094 0.9386904761904762 0.38666666666666666 0.9407738095238095 0.38761904761904764
2 0.5333333333333333 0.42 0.5363095238095238 0.4276190476190476 0.5395833333333333 0.4738095238095238 0.5383928571428571 0.47714285714285715 0.5357142857142857 0.47714285714285715 0.5324404761904762 0.4680952380952381 0.5297619047619048 0.4661904761904762 0.5190476190476191 0.4738095238095238 0.5166666666666667 0.47095238095238096 0.518154761904762 0.46476190476190476 0.5244047619047619 0.46 0.5270833333333333 0.43238095238095237 0.5300595238095238 0.4219047619047619 0.5330357142857143 0.42
2 0.59375 0.46190476190476193 0.5958333333333333 0.4633333333333333 0.5988095238095238 0.530952380952381 0.5946428571428571 0.530952380952381 0.5919642857142857 0.5276190476190477 0.5898809523809524 0.5304761904761904 0.5863095238095238 0.5295238095238095 0.5863095238095238 0.5085714285714286 0.5833333333333334 0.4980952380952381 0.58125 0.4780952380952381 0.5818452380952381 0.47285714285714286 0.593452380952381 0.46190476190476193
2 0.6163690476190476 0.37476190476190474 0.6196428571428572 0.37285714285714283 0.6241071428571429 0.38047619047619047 0.6255952380952381 0.4023809523809524 0.631547619047619 0.4138095238095238 0.6297619047619047 0.4157142857142857 0.6270833333333333 0.4123809523809524 0.6229166666666667 0.41285714285714287 0.6178571428571429 0.42333333333333334 0.6151785714285715 0.4228571428571429 0.6148809523809524 0.38333333333333336 0.6163690476190476 0.37523809523809526
2 0.7428571428571429 0.4261904761904762 0.7479166666666667 0.4338095238095238 0.7514880952380952 0.45904761904761904 0.756547619047619 0.46714285714285714 0.7556547619047619 0.4704761904761905 0.7505952380952381 0.47095238095238096 0.7479166666666667 0.4819047619047619 0.7446428571428572 0.4857142857142857 0.7428571428571429 0.4838095238095238 0.7431547619047619 0.4657142857142857 0.7380952380952381 0.43952380952380954 0.7389880952380953 0.4276190476190476 0.7425595238095238 0.4261904761904762
3 0.8071428571428572 0.45571428571428574 0.8148809523809524 0.4704761904761905 0.8139880952380952 0.5023809523809524 0.8175595238095238 0.52 0.8113095238095238 0.5238095238095238 0.8083333333333333 0.5223809523809524 0.8089285714285714 0.5142857142857142 0.8056547619047619 0.4976190476190476 0.8047619047619048 0.47619047619047616 0.8050595238095238 0.4595238095238095 0.8068452380952381 0.4561904761904762
1 0.10803571428571429 0.42 0.10833333333333334 0.4266666666666667 0.10119047619047619 0.44047619047619047 0.10803571428571429 0.44142857142857145 0.10297619047619047 0.44952380952380955 0.10595238095238095 0.4552380952380952 0.10684523809523809 0.4719047619047619 0.10029761904761905 0.47095238095238096 0.0994047619047619 0.4585714285714286 0.09107142857142857 0.4785714285714286 0.08392857142857142 0.47285714285714286 0.09136904761904761 0.45571428571428574 0.0880952380952381 0.44571428571428573 0.08779761904761904 0.43666666666666665 0.09523809523809523 0.42428571428571427 0.10773809523809524 0.42