2 0.08511904761904762 0.4361904761904762 0.0875 0.43952380952380954 0.08839285714285715 0.4480952380952381 0.08720238095238095 0.4638095238095238 0.08839285714285715 0.5 0.08571428571428572 0.5176190476190476 0.08839285714285715 0.5266666666666666 0.08571428571428572 0.5280952380952381 0.07886904761904762 0.5257142857142857 0.0800595238095238 0.5133333333333333 0.07886904761904762 0.5066666666666667 0.07410714285714286 0.5066666666666667 0.06845238095238096 0.5133333333333333 0.06517857142857143 0.508095238095238 0.0675595238095238 0.49857142857142855 0.0744047619047619 0.4990476190476191 0.07797619047619048 0.49476190476190474 0.07529761904761904 0.48142857142857143 0.07589285714285714 0.4585714285714286 0.07976190476190476 0.44952380952380955 0.08065476190476191 0.439047619047619 0.08482142857142858 0.4361904761904762
2 0.6797619047619048 0.6490476190476191 0.6782738095238096 0.6576190476190477 0.6636904761904762 0.6647619047619048 0.6675595238095238 0.6742857142857143 0.6663690476190476 0.6785714285714286 0.6342261904761904 0.679047619047619 0.6300595238095238 0.6857142857142857 0.6276785714285714 0.6819047619047619 0.6351190476190476 0.659047619047619 0.6372023809523809 0.6404761904761904 0.6425595238095239 0.6404761904761904 0.6461309523809524 0.6547619047619048 0.6494047619047619 0.6576190476190477 0.6625 0.6566666666666666 0.6794642857142857 0.6490476190476191
2 0.31785714285714284 0.6066666666666667 0.3196428571428571 0.6114285714285714 0.3181547619047619 0.6471428571428571 0.32321428571428573 0.660952380952381 0.3151785714285714 0.6923809523809524 0.3163690476190476 0.6995238095238095 0.3145833333333333 0.7004761904761905 0.3098214285714286 0.7 0.3080357142857143 0.6961904761904761 0.3119047619047619 0.6742857142857143 0.30714285714285716 0.660952380952381 0.30565476190476193 0.6480952380952381 0.3068452380952381 0.6233333333333333 0.31339285714285714 0.6066666666666667 0.3175595238095238 0.6066666666666667
2 0.13779761904761906 0.41333333333333333 0.14047619047619048 0.4157142857142857 0.14345238095238094 0.4319047619047619 0.14375 0.4561904761904762 0.14583333333333334 0.46904761904761905 0.14404761904761904 0.4866666666666667 0.13779761904761906 0.5038095238095238 0.13333333333333333 0.5019047619047619 0.13482142857142856 0.47619047619047616 0.1306547619047619 0.4504761904761905 0.13154761904761905 0.4328571428571429 0.13452380952380952 0.4257142857142857 0.13482142857142856 0.41619047619047617 0.1375 0.41333333333333333
2 0.8770833333333333 0.6804761904761905 0.8809523809523809 0.6928571428571428 0.8967261904761905 0.7176190476190476 0.8851190476190476 0.7238095238095238 0.8800595238095238 0.7676190476190476 0.8696428571428572 0.768095238095238 0.8627976190476191 0.7776190476190477 0.8589285714285714 0.7757142857142857 0.8592261904761904 0.77 0.8625 0.7619047619047619 0.8702380952380953 0.7528571428571429 0.8702380952380953 0.7428571428571429 0.8666666666666667 0.7252380952380952 0.8592261904761904 0.7252380952380952 0.8586309523809523 0.7228571428571429 0.8660714285714286 0.6995238095238095 0.8729166666666667 0.6923809523809524 0.8735119047619048 0.6819047619047619 0.8767857142857143 0.6804761904761905
2 0.41845238095238096 0.7247619047619047 0.42023809523809524 0.7323809523809524 0.4264880952380952 0.741904761904762 0.4288690476190476 0.7628571428571429 0.43214285714285716 0.7728571428571429 0.43125 0.7833333333333333 0.43333333333333335 0.8095238095238095 0.43720238095238095 0.8276190476190476 0.43214285714285716 0.8319047619047619 0.42857142857142855 0.8280952380952381 0.4294642857142857 0.8204761904761905 0.4264880952380952 0.799047619047619 0.4220238095238095 0.7938095238095239 0.41845238095238096 0.8085714285714286 0.4217261904761905 0.820952380952381 0.4181547619047619 0.8233333333333334 0.4113095238095238 0.8219047619047619 0.41458333333333336 0.7857142857142857 0.4083333333333333 0.7442857142857143 0.4148809523809524 0.7309523809523809 0.4148809523809524 0.7266666666666667 0.4181547619047619 0.7247619047619047
2 0.04404761904761905 0.6852380952380952 0.04345238095238095 0.7033333333333334 0.04970238095238095 0.7204761904761905 0.043154761904761904 0.7309523809523809 0.04345238095238095 0.7476190476190476 0.0494047619047619 0.7804761904761904 0.0556547619047619 0.7857142857142857 0.055952380952380955 0.79 0.046130952380952384 0.7938095238095239 0.04136904761904762 0.7695238095238095 0.03630952380952381 0.7642857142857142 0.024404761904761905 0.7857142857142857 0.02261904761904762 0.8 0.017857142857142856 0.7971428571428572 0.015178571428571428 0.7876190476190477 0.030357142857142857 0.7552380952380953 0.030654761904761903 0.7304761904761905 0.026785714285714284 0.71 0.029166666666666667 0.7033333333333334 0.03511904761904762 0.6961904761904761 0.03660714285714286 0.6866666666666666 0.04375 0.6852380952380952
2 0.29851190476190476 0.4552380952380952 0.3005952380952381 0.48142857142857143 0.3130952380952381 0.5323809523809524 0.3107142857142857 0.5338095238095238 0.3005952380952381 0.5157142857142857 0.2967261904761905 0.520952380952381 0.2931547619047619 0.5204761904761904 0.29285714285714287 0.5047619047619047 0.2863095238095238 0.49523809523809526 0.2863095238095238 0.4757142857142857 0.2922619047619048 0.4633333333333333 0.2931547619047619 0.45666666666666667 0.2982142857142857 0.4552380952380952
2 0.28422619047619047 0.5333333333333333 0.28601190476190474 0.5357142857142857 0.28482142857142856 0.5747619047619048 0.2955357142857143 0.6004761904761905 0.3032738095238095 0.6090476190476191 0.30357142857142855 0.6123809523809524 0.29345238095238096 0.6090476190476191 0.2830357142857143 0.5919047619047619 0.2791666666666667 0.5928571428571429 0.2693452380952381 0.6061904761904762 0.24821428571428572 0.6042857142857143 0.24732142857142858 0.6019047619047619 0.24821428571428572 0.5952380952380952 0.2511904761904762 0.5933333333333334 0.2663690476190476 0.5938095238095238 0.27113095238095236 0.5471428571428572 0.2773809523809524 0.5414285714285715 0.28095238095238095 0.5338095238095238 0.2839285714285714 0.5333333333333333
2 0.15089285714285713 0.54 0.15327380952380953 0.5428571428571428 0.15327380952380953 0.5571428571428572 0.16398809523809524 0.5642857142857143 0.1625 0.5676190476190476 0.15327380952380953 0.569047619047619 0.15029761904761904 0.5742857142857143 0.15089285714285713 0.5857142857142857 0.15863095238095237 0.5919047619047619 0.1595238095238095 0.5985714285714285 0.15119047619047618 0.6109523809523809 0.1529761904761905 0.6195238095238095 0.15119047619047618 0.6228571428571429 0.14404761904761904 0.6185714285714285 0.14166666666666666 0.6133333333333333 0.14702380952380953 0.6085714285714285 0.14821428571428572 0.6019047619047619 0.1455357142857143 0.5995238095238096 0.14166666666666666 0.6009523809523809 0.13154761904761905 0.6195238095238095 0.1318452380952381 0.628095238095238 0.13035714285714287 0.6304761904761905 0.125 0.6276190476190476 0.12410714285714286 0.6233333333333333 0.1351190476190476 0.5961904761904762 0.13452380952380952 0.5638095238095238 0.14017857142857143 0.5580952380952381 0.14642857142857144 0.54 0.1505952380952381 0.54
2 0.4181547619047619 0.5057142857142857 0.41875 0.5290476190476191 0.4232142857142857 0.5347619047619048 0.4193452380952381 0.5433333333333333 0.42351190476190476 0.5576190476190476 0.4255952380952381 0.5752380952380952 0.4119047619047619 0.5823809523809523 0.4089285714285714 0.5814285714285714 0.4083333333333333 0.5776190476190476 0.41309523809523807 0.5719047619047619 0.41458333333333336 0.5638095238095238 0.40714285714285714 0.55 0.4068452380952381 0.5352380952380953 0.4113095238095238 0.5123809523809524 0.41458333333333336 0.5057142857142857 0.41785714285714287 0.5057142857142857
2 0.256547619047619 0.48523809523809525 0.25892857142857145 0.508095238095238 0.26279761904761906 0.5128571428571429 0.2592261904761905 0.5252380952380953 0.26607142857142857 0.5457142857142857 0.2648809523809524 0.5685714285714286 0.2663690476190476 0.5752380952380952 0.26458333333333334 0.5785714285714286 0.2571428571428571 0.5752380952380952 0.25952380952380955 0.5652380952380952 0.25952380952380955 0.5528571428571428 0.2544642857142857 0.5471428571428572 0.24226190476190476 0.5704761904761905 0.24107142857142858 0.5847619047619048 0.23779761904761904 0.5828571428571429 0.23601190476190476 0.5704761904761905 0.2443452380952381 0.5528571428571428 0.2461309523809524 0.5404761904761904 0.24523809523809523 0.5147619047619048 0.25029761904761905 0.4980952380952381 0.25148809523809523 0.4861904761904762 0.25625 0.48523809523809525
1 0.49851190476190477 0.4638095238095238 0.5047619047619047 0.47714285714285715 0.5083333333333333 0.490952380952381 0.5086309523809524 0.4957142857142857 0.50625 0.5014285714285714 0.5139880952380952 0.5328571428571428 0.5104166666666666 0.5338095238095238 0.5059523809523809 0.518095238095238 0.4982142857142857 0.5047619047619047 0.49464285714285716 0.5042857142857143 0.49255952380952384 0.5157142857142857 0.4806547619047619 0.5414285714285715 0.47827380952380955 0.5357142857142857 0.48541666666666666 0.5123809523809524 0.48660714285714285 0.5023809523809524 0.4842261904761905 0.49523809523809526 0.48095238095238096 0.5057142857142857 0.4773809523809524 0.5028571428571429 0.4773809523809524 0.49857142857142855 0.48392857142857143 0.48428571428571426 0.4982142857142857 0.4638095238095238
0 0.6699404761904761 0.7047619047619048 0.6758928571428572 0.7071428571428572 0.6779761904761905 0.7119047619047619 0.6773809523809524 0.7180952380952381 0.674404761904762 0.7219047619047619 0.6636904761904762 0.72 0.6586309523809524 0.7128571428571429 0.6601190476190476 0.7061904761904761 0.6696428571428571 0.7047619047619048