0 0.3788690476190476 0.37142857142857144 0.38184523809523807 0.37285714285714283 0.38244047619047616 0.37714285714285717 0.3732142857142857 0.38095238095238093 0.3651785714285714 0.37761904761904763 0.3639880952380952 0.37238095238095237 0.36607142857142855 0.37 0.37857142857142856 0.37142857142857144
2 0.6967261904761904 0.43666666666666665 0.7065476190476191 0.4595238095238095 0.7071428571428572 0.49047619047619045 0.7178571428571429 0.5119047619047619 0.71875 0.5161904761904762 0.7172619047619048 0.52 0.6994047619047619 0.49333333333333335 0.6931547619047619 0.4976190476190476 0.6925595238095238 0.5128571428571429 0.6889880952380952 0.5138095238095238 0.6845238095238095 0.5085714285714286 0.6889880952380952 0.4990476190476191 0.6892857142857143 0.4876190476190476 0.6946428571428571 0.4776190476190476 0.6916666666666667 0.43857142857142856 0.6964285714285714 0.43666666666666665
2 0.5306547619047619 0.3595238095238095 0.5336309523809524 0.3676190476190476 0.5398809523809524 0.37476190476190474 0.5410714285714285 0.38047619047619047 0.5398809523809524 0.4219047619047619 0.5470238095238096 0.43857142857142856 0.5467261904761904 0.44333333333333336 0.544047619047619 0.44666666666666666 0.5425595238095238 0.4461904761904762 0.5413690476190476 0.4380952380952381 0.5294642857142857 0.4219047619047619 0.5252976190476191 0.43476190476190474 0.5238095238095238 0.37714285714285717 0.5270833333333333 0.3619047619047619 0.5303571428571429 0.3595238095238095
2 0.6059523809523809 0.32 0.6133928571428572 0.3361904761904762 0.6136904761904762 0.3457142857142857 0.6130952380952381 0.35619047619047617 0.6071428571428571 0.38142857142857145 0.606845238095238 0.4085714285714286 0.6044642857142857 0.41095238095238096 0.5985119047619047 0.4095238095238095 0.5964285714285714 0.4042857142857143 0.5985119047619047 0.38095238095238093 0.5955357142857143 0.36666666666666664 0.594047619047619 0.3419047619047619 0.5985119047619047 0.32142857142857145 0.6056547619047619 0.32
2 0.96875 0.8728571428571429 0.9702380952380952 0.8609523809523809 0.9729166666666667 0.8557142857142858 0.9744047619047619 0.8609523809523809 0.9714285714285714 0.8728571428571429 0.969047619047619 0.8728571428571429
2 0.45654761904761904 0.4014285714285714 0.4630952380952381 0.4219047619047619 0.4636904761904762 0.43523809523809526 0.4610119047619048 0.4423809523809524 0.46517857142857144 0.46 0.4625 0.46714285714285714 0.4625 0.4738095238095238 0.4595238095238095 0.47523809523809524 0.4529761904761905 0.4695238095238095 0.4467261904761905 0.48238095238095235 0.44345238095238093 0.4785714285714286 0.44642857142857145 0.4595238095238095 0.44345238095238093 0.4247619047619048 0.45089285714285715 0.4042857142857143 0.45625 0.4014285714285714
2 0.38333333333333336 0.508095238095238 0.3863095238095238 0.48714285714285716 0.38244047619047616 0.47333333333333333 0.38095238095238093 0.45285714285714285 0.3836309523809524 0.4442857142857143 0.3880952380952381 0.439047619047619 0.38898809523809524 0.43142857142857144 0.39375 0.42952380952380953 0.3982142857142857 0.4719047619047619 0.3985119047619048 0.4942857142857143 0.3952380952380952 0.5071428571428571 0.3958333333333333 0.5152380952380953 0.39107142857142857 0.5152380952380953 0.3836309523809524 0.5085714285714286
2 0.6854166666666667 0.3304761904761905 0.6934523809523809 0.3519047619047619 0.6892857142857143 0.36523809523809525 0.6892857142857143 0.39476190476190476 0.687202380952381 0.4042857142857143 0.6883928571428571 0.4119047619047619 0.6863095238095238 0.4138095238095238 0.675 0.41095238095238096 0.6741071428571429 0.4085714285714286 0.6764880952380953 0.370952380952381 0.6752976190476191 0.35095238095238096 0.6806547619047619 0.3319047619047619 0.6851190476190476 0.3304761904761905
2 0.5080357142857143 0.3647619047619048 0.5193452380952381 0.3842857142857143 0.5205357142857143 0.4014285714285714 0.5190476190476191 0.41904761904761906 0.5220238095238096 0.4247619047619048 0.5258928571428572 0.4219047619047619 0.5264880952380953 0.4423809523809524 0.5258928571428572 0.4461904761904762 0.5205357142857143 0.4461904761904762 0.5151785714285714 0.42952380952380953 0.5116071428571428 0.43238095238095237 0.5086309523809524 0.44476190476190475 0.5056547619047619 0.44761904761904764 0.5029761904761905 0.44571428571428573 0.50625 0.4361904761904762 0.5089285714285714 0.4080952380952381 0.5080357142857143 0.4014285714285714 0.5050595238095238 0.39571428571428574 0.49910714285714286 0.4042857142857143 0.49702380952380953 0.4033333333333333 0.5023809523809524 0.3861904761904762 0.5032738095238095 0.3661904761904762 0.5077380952380952 0.3647619047619048
2 0.6318452380952381 0.3495238095238095 0.6339285714285714 0.3595238095238095 0.6386904761904761 0.36904761904761907 0.6389880952380952 0.3757142857142857 0.6351190476190476 0.38333333333333336 0.6303571428571428 0.43238095238095237 0.6235119047619048 0.43714285714285717 0.6202380952380953 0.4357142857142857 0.6223214285714286 0.42857142857142855 0.6211309523809524 0.38761904761904764 0.6226190476190476 0.3647619047619048 0.6261904761904762 0.3495238095238095 0.631547619047619 0.3495238095238095
2 0.5699404761904762 0.38904761904761903 0.5735119047619047 0.3980952380952381 0.5827380952380953 0.4080952380952381 0.5848214285714286 0.42142857142857143 0.5815476190476191 0.4219047619047619 0.5779761904761904 0.4123809523809524 0.5744047619047619 0.4166666666666667 0.5675595238095238 0.48 0.5645833333333333 0.48523809523809525 0.5625 0.4804761904761905 0.5636904761904762 0.4576190476190476 0.5598214285714286 0.45095238095238094 0.5592261904761905 0.42095238095238097 0.5571428571428572 0.4180952380952381 0.5538690476190476 0.42333333333333334 0.5502976190476191 0.42428571428571427 0.55 0.4219047619047619 0.5639880952380952 0.3904761904761905 0.5666666666666667 0.38761904761904764 0.5696428571428571 0.38904761904761903
2 0.5991071428571428 0.2980952380952381 0.6023809523809524 0.2995238095238095 0.6095238095238096 0.32285714285714284 0.6089285714285714 0.3304761904761905 0.6017857142857143 0.33095238095238094 0.5985119047619047 0.3442857142857143 0.6011904761904762 0.3657142857142857 0.6 0.37333333333333335 0.6014880952380952 0.3871428571428571 0.6035714285714285 0.3871428571428571 0.6044642857142857 0.37666666666666665 0.60625 0.37523809523809526 0.6056547619047619 0.4061904761904762 0.6017857142857143 0.4085714285714286 0.5988095238095238 0.4085714285714286 0.5970238095238095 0.4042857142857143 0.5985119047619047 0.37952380952380954 0.593452380952381 0.35904761904761906 0.5925595238095238 0.33666666666666667 0.5901785714285714 0.32476190476190475 0.5955357142857143 0.30047619047619045 0.5988095238095238 0.2980952380952381
2 0.6306547619047619 0.2842857142857143 0.6386904761904761 0.3047619047619048 0.6410714285714286 0.32857142857142857 0.6473214285714286 0.3461904761904762 0.6473214285714286 0.35428571428571426 0.6372023809523809 0.33714285714285713 0.6345238095238095 0.35285714285714287 0.6303571428571428 0.34523809523809523 0.624702380952381 0.3047619047619048 0.6258928571428571 0.2861904761904762 0.6303571428571428 0.2842857142857143
2 0.27291666666666664 0.4604761904761905 0.27529761904761907 0.46285714285714286 0.2755952380952381 0.46904761904761905 0.2800595238095238 0.4795238095238095 0.2785714285714286 0.5004761904761905 0.2791666666666667 0.5514285714285714 0.27708333333333335 0.5552380952380952 0.275 0.5547619047619048 0.27380952380952384 0.5504761904761905 0.27232142857142855 0.5295238095238095 0.2699404761904762 0.5485714285714286 0.2654761904761905 0.5504761904761905 0.26517857142857143 0.5476190476190477 0.2642857142857143 0.48238095238095235 0.26904761904761904 0.46285714285714286 0.2726190476190476 0.4604761904761905
1 0.23125 0.3638095238095238 0.24166666666666667 0.37476190476190474 0.24464285714285713 0.38285714285714284 0.24107142857142858 0.39904761904761904 0.24166666666666667 0.41285714285714287 0.24523809523809523 0.4276190476190476 0.24494047619047618 0.43476190476190474 0.24285714285714285 0.43666666666666665 0.23958333333333334 0.43476190476190474 0.23035714285714284 0.4142857142857143 0.21904761904761905 0.3980952380952381 0.22648809523809524 0.3657142857142857 0.23095238095238096 0.3638095238095238
3 0.8580357142857142 0.18 0.8663690476190476 0.19238095238095237 0.8663690476190476 0.2061904761904762 0.8711309523809524 0.22714285714285715 0.8699404761904762 0.23238095238095238 0.8586309523809523 0.23047619047619047 0.8556547619047619 0.22380952380952382 0.8535714285714285 0.23047619047619047 0.8482142857142857 0.23047619047619047 0.8517857142857143 0.20666666666666667 0.8505952380952381 0.18904761904761905 0.8523809523809524 0.1819047619047619 0.8577380952380952 0.18
3 0.8366071428571429 0.3719047619047619 0.8452380952380952 0.39 0.8470238095238095 0.40190476190476193 0.8410714285714286 0.45714285714285713 0.8369047619047619 0.46190476190476193 0.8339285714285715 0.46 0.8339285714285715 0.4452380952380952 0.8294642857142858 0.4319047619047619 0.83125 0.3838095238095238 0.8327380952380953 0.3738095238095238 0.8363095238095238 0.3719047619047619