0 0.45357142857142857 0.6476190476190476 0.4583333333333333 0.65 0.45982142857142855 0.6538095238095238 0.4595238095238095 0.6585714285714286 0.4568452380952381 0.6619047619047619 0.4529761904761905 0.6619047619047619 0.45029761904761906 0.6576190476190477 0.4532738095238095 0.6476190476190476
2 0.5285714285714286 0.49523809523809526 0.5363095238095238 0.5071428571428571 0.5431547619047619 0.5295238095238095 0.5395833333333333 0.5323809523809524 0.5395833333333333 0.5614285714285714 0.5351190476190476 0.5585714285714286 0.5339285714285714 0.5385714285714286 0.5294642857142857 0.5338095238095238 0.524702380952381 0.5347619047619048 0.5244047619047619 0.5542857142857143 0.5223214285714286 0.5647619047619048 0.5199404761904762 0.5638095238095238 0.5178571428571429 0.5328571428571428 0.5139880952380952 0.5128571428571429 0.5169642857142858 0.5047619047619047 0.5226190476190476 0.5009523809523809 0.5258928571428572 0.49476190476190474 0.5282738095238095 0.49523809523809526
2 0.4113095238095238 0.5585714285714286 0.4139880952380952 0.5633333333333334 0.412797619047619 0.5742857142857143 0.425 0.5914285714285714 0.42589285714285713 0.599047619047619 0.42232142857142857 0.6090476190476191 0.4080357142857143 0.6123809523809524 0.4041666666666667 0.6180952380952381 0.40089285714285716 0.6176190476190476 0.4038690476190476 0.5776190476190476 0.4074404761904762 0.5595238095238095 0.41101190476190474 0.5585714285714286
2 0.794047619047619 0.6276190476190476 0.8172619047619047 0.6442857142857142 0.8235119047619047 0.6538095238095238 0.8464285714285714 0.6638095238095238 0.8455357142857143 0.6676190476190477 0.83125 0.6671428571428571 0.825 0.6719047619047619 0.812202380952381 0.6680952380952381 0.8050595238095238 0.659047619047619 0.7970238095238096 0.6547619047619048 0.7886904761904762 0.6566666666666666 0.7827380952380952 0.6685714285714286 0.7764880952380953 0.6714285714285714 0.7848214285714286 0.6561904761904762 0.7880952380952381 0.6457142857142857 0.7872023809523809 0.63 0.7895833333333333 0.6271428571428571 0.79375 0.6276190476190476
2 0.22976190476190475 0.4166666666666667 0.2318452380952381 0.4185714285714286 0.23363095238095238 0.43238095238095237 0.22827380952380952 0.45285714285714285 0.22797619047619047 0.4742857142857143 0.2324404761904762 0.4880952380952381 0.22738095238095238 0.49047619047619045 0.22380952380952382 0.4990476190476191 0.2199404761904762 0.4980952380952381 0.21845238095238095 0.4928571428571429 0.22321428571428573 0.4780952380952381 0.22232142857142856 0.45285714285714285 0.22529761904761905 0.4204761904761905 0.2294642857142857 0.4166666666666667
2 0.15089285714285713 0.6804761904761905 0.15357142857142858 0.6780952380952381 0.15863095238095237 0.6804761904761905 0.15833333333333333 0.7128571428571429 0.16130952380952382 0.7157142857142857 0.16845238095238096 0.7123809523809523 0.16666666666666666 0.7171428571428572 0.15922619047619047 0.7219047619047619 0.15773809523809523 0.7257142857142858 0.15892857142857142 0.7471428571428571 0.15654761904761905 0.7723809523809524 0.15773809523809523 0.7804761904761904 0.15178571428571427 0.7895238095238095 0.14226190476190476 0.7861904761904762 0.14970238095238095 0.7519047619047619 0.14583333333333334 0.7338095238095238 0.1455357142857143 0.7204761904761905 0.14047619047619048 0.7066666666666667 0.14375 0.6961904761904761 0.14970238095238095 0.689047619047619 0.15089285714285713 0.680952380952381
2 0.2294642857142857 0.4976190476190476 0.23065476190476192 0.4990476190476191 0.2324404761904762 0.4942857142857143 0.22708333333333333 0.47333333333333333 0.2261904761904762 0.45285714285714285 0.23065476190476192 0.4328571428571429 0.23452380952380952 0.4328571428571429 0.23660714285714285 0.43761904761904763 0.2392857142857143 0.45904761904761904 0.2386904761904762 0.4676190476190476 0.24285714285714285 0.4876190476190476 0.24107142857142858 0.5057142857142857 0.24285714285714285 0.5161904761904762 0.24107142857142858 0.5185714285714286 0.23482142857142857 0.5176190476190476 0.23125 0.51 0.22738095238095238 0.51 0.2244047619047619 0.4980952380952381 0.22916666666666666 0.4976190476190476
2 0.3523809523809524 0.549047619047619 0.3568452380952381 0.559047619047619 0.36339285714285713 0.5657142857142857 0.36607142857142855 0.5785714285714286 0.36607142857142855 0.5828571428571429 0.3639880952380952 0.5833333333333334 0.36101190476190476 0.5819047619047619 0.35833333333333334 0.5752380952380952 0.3556547619047619 0.5752380952380952 0.35446428571428573 0.5785714285714286 0.3541666666666667 0.5933333333333334 0.3574404761904762 0.6090476190476191 0.3580357142857143 0.6257142857142857 0.36339285714285713 0.6333333333333333 0.3625 0.6366666666666667 0.3595238095238095 0.6376190476190476 0.35446428571428573 0.6366666666666667 0.3508928571428571 0.6128571428571429 0.34851190476190474 0.6080952380952381 0.3416666666666667 0.6057142857142858 0.3380952380952381 0.6095238095238096 0.3244047619047619 0.6095238095238096 0.32083333333333336 0.6057142857142858 0.325 0.6014285714285714 0.3398809523809524 0.599047619047619 0.33898809523809526 0.5780952380952381 0.3351190476190476 0.5938095238095238 0.33154761904761904 0.5885714285714285 0.33303571428571427 0.5785714285714286 0.3470238095238095 0.5495238095238095 0.35208333333333336 0.549047619047619
2 0.3982142857142857 0.48523809523809525 0.41309523809523807 0.5152380952380953 0.4113095238095238 0.5171428571428571 0.40773809523809523 0.5152380952380953 0.40625 0.5185714285714286 0.41160714285714284 0.5561904761904762 0.41458333333333336 0.5623809523809524 0.41160714285714284 0.5647619047619048 0.4080357142857143 0.5638095238095238 0.4056547619047619 0.5576190476190476 0.3985119047619048 0.55 0.3991071428571429 0.5433333333333333 0.39345238095238094 0.5171428571428571 0.3904761904761905 0.5157142857142857 0.38660714285714287 0.5257142857142857 0.38333333333333336 0.5261904761904762 0.3836309523809524 0.52 0.39375 0.4876190476190476 0.39791666666666664 0.48523809523809525
2 0.048214285714285716 0.5295238095238095 0.05238095238095238 0.5328571428571428 0.052976190476190475 0.5380952380952381 0.05029761904761905 0.5466666666666666 0.04880952380952381 0.5671428571428572 0.04583333333333333 0.5742857142857143 0.045535714285714284 0.5947619047619047 0.041666666666666664 0.6090476190476191 0.043154761904761904 0.6161904761904762 0.04107142857142857 0.6171428571428571 0.03571428571428571 0.6161904761904762 0.033035714285714286 0.6076190476190476 0.019642857142857142 0.6161904761904762 0.017261904761904763 0.6104761904761905 0.02142857142857143 0.6019047619047619 0.03422619047619048 0.5961904761904762 0.03273809523809524 0.5685714285714286 0.035416666666666666 0.5466666666666666 0.040773809523809525 0.5404761904761904 0.04404761904761905 0.5319047619047619 0.04791666666666667 0.5295238095238095
2 0.3630952380952381 0.43666666666666665 0.37142857142857144 0.45285714285714285 0.3782738095238095 0.4738095238095238 0.37857142857142856 0.47714285714285715 0.3767857142857143 0.4780952380952381 0.3732142857142857 0.4723809523809524 0.3711309523809524 0.4738095238095238 0.37589285714285714 0.49952380952380954 0.37589285714285714 0.5095238095238095 0.3732142857142857 0.5133333333333333 0.3705357142857143 0.5085714285714286 0.3693452380952381 0.49476190476190474 0.36101190476190476 0.48904761904761906 0.3547619047619048 0.490952380952381 0.350297619047619 0.5090476190476191 0.3449404761904762 0.5114285714285715 0.350297619047619 0.48523809523809525 0.3470238095238095 0.47714285714285715 0.3514880952380952 0.4561904761904762 0.3592261904761905 0.43952380952380954 0.36279761904761904 0.43666666666666665
2 0.4324404761904762 0.580952380952381 0.4386904761904762 0.5880952380952381 0.4467261904761905 0.5880952380952381 0.4455357142857143 0.5928571428571429 0.43839285714285714 0.5971428571428572 0.43601190476190477 0.6023809523809524 0.4401785714285714 0.6242857142857143 0.44434523809523807 0.6347619047619047 0.44970238095238096 0.6452380952380953 0.4574404761904762 0.65 0.4589285714285714 0.6542857142857142 0.45654761904761904 0.6614285714285715 0.4446428571428571 0.6557142857142857 0.4386904761904762 0.6652380952380952 0.43601190476190477 0.6757142857142857 0.4303571428571429 0.6723809523809524 0.4354166666666667 0.6504761904761904 0.42857142857142855 0.6357142857142857 0.4232142857142857 0.6061904761904762 0.42738095238095236 0.580952380952381 0.43214285714285716 0.580952380952381
2 0.49523809523809526 0.7357142857142858 0.4979166666666667 0.7461904761904762 0.5050595238095238 0.7561904761904762 0.5056547619047619 0.7928571428571428 0.500297619047619 0.809047619047619 0.4982142857142857 0.849047619047619 0.4943452380952381 0.849047619047619 0.4919642857142857 0.8452380952380952 0.4928571428571429 0.8333333333333334 0.4857142857142857 0.7866666666666666 0.4836309523809524 0.7861904761904762 0.48095238095238096 0.7985714285714286 0.47886904761904764 0.7933333333333333 0.4836309523809524 0.7723809523809524 0.4845238095238095 0.7552380952380953 0.49047619047619045 0.7461904761904762 0.49107142857142855 0.7371428571428571 0.4949404761904762 0.7357142857142858
1 0.5639880952380952 0.4676190476190476 0.5678571428571428 0.46714285714285714 0.5747023809523809 0.47333333333333333 0.5886904761904762 0.4928571428571429 0.5883928571428572 0.4957142857142857 0.5851190476190476 0.4976190476190476 0.5815476190476191 0.49523809523809526 0.5794642857142858 0.5009523809523809 0.5833333333333334 0.5266666666666666 0.5824404761904762 0.5361904761904762 0.5779761904761904 0.5361904761904762 0.5767857142857142 0.5190476190476191 0.5726190476190476 0.5057142857142857 0.5693452380952381 0.5019047619047619 0.5651785714285714 0.5061904761904762 0.562202380952381 0.530952380952381 0.5577380952380953 0.5347619047619048 0.5538690476190476 0.5342857142857143 0.5583333333333333 0.5233333333333333 0.5580357142857143 0.4857142857142857 0.5639880952380952 0.4680952380952381