0 0.6104166666666667 0.5904761904761905 0.6127976190476191 0.5961904761904762 0.6098214285714286 0.6 0.6056547619047619 0.5985714285714285 0.6044642857142857 0.5952380952380952 0.6059523809523809 0.590952380952381 0.6101190476190477 0.5904761904761905
2 0.14375 0.36952380952380953 0.14642857142857144 0.37714285714285717 0.15089285714285713 0.4338095238095238 0.14732142857142858 0.4328571428571429 0.14434523809523808 0.4204761904761905 0.1419642857142857 0.4185714285714286 0.13988095238095238 0.4195238095238095 0.1357142857142857 0.4319047619047619 0.13333333333333333 0.4328571428571429 0.13154761904761905 0.42857142857142855 0.1351190476190476 0.41095238095238096 0.13690476190476192 0.38 0.13958333333333334 0.37 0.14345238095238094 0.36952380952380953
2 0.42291666666666666 0.8328571428571429 0.425 0.8404761904761905 0.4232142857142857 0.8480952380952381 0.4220238095238095 0.8795238095238095 0.42857142857142855 0.888095238095238 0.42351190476190476 0.8919047619047619 0.4220238095238095 0.8971428571428571 0.42797619047619045 0.9385714285714286 0.43333333333333335 0.9457142857142857 0.43333333333333335 0.949047619047619 0.4303571428571429 0.9504761904761905 0.42083333333333334 0.949047619047619 0.4199404761904762 0.9252380952380952 0.4148809523809524 0.9119047619047619 0.41041666666666665 0.9157142857142857 0.40476190476190477 0.9266666666666666 0.4011904761904762 0.9385714285714286 0.40089285714285716 0.9471428571428572 0.39613095238095236 0.9461904761904761 0.39285714285714285 0.94 0.4056547619047619 0.9080952380952381 0.40922619047619047 0.8561904761904762 0.4160714285714286 0.8452380952380952 0.4181547619047619 0.8342857142857143 0.4226190476190476 0.8328571428571429
2 0.3366071428571429 0.4857142857142857 0.3404761904761905 0.5009523809523809 0.34226190476190477 0.5185714285714286 0.34672619047619047 0.5328571428571428 0.3455357142857143 0.5504761904761905 0.3416666666666667 0.5523809523809524 0.33839285714285716 0.5428571428571428 0.3345238095238095 0.5433333333333333 0.3279761904761905 0.5547619047619048 0.32470238095238096 0.5561904761904762 0.32529761904761906 0.5466666666666666 0.3300595238095238 0.5319047619047619 0.33303571428571427 0.48714285714285716 0.33630952380952384 0.4857142857142857
2 0.20982142857142858 0.3233333333333333 0.21458333333333332 0.34476190476190477 0.21607142857142858 0.3647619047619048 0.22023809523809523 0.37333333333333335 0.21696428571428572 0.37523809523809526 0.2080357142857143 0.36428571428571427 0.20535714285714285 0.36666666666666664 0.20297619047619048 0.37476190476190474 0.1988095238095238 0.3738095238095238 0.20267857142857143 0.3557142857142857 0.20297619047619048 0.3352380952380952 0.20654761904761904 0.3261904761904762 0.20952380952380953 0.3238095238095238
2 0.17916666666666667 0.3333333333333333 0.18244047619047618 0.3485714285714286 0.18333333333333332 0.3742857142857143 0.1818452380952381 0.3842857142857143 0.17886904761904762 0.3880952380952381 0.17351190476190476 0.38666666666666666 0.17172619047619048 0.38047619047619047 0.17291666666666666 0.34476190476190477 0.17529761904761904 0.3357142857142857 0.17886904761904762 0.3333333333333333
2 0.11607142857142858 0.6076190476190476 0.11964285714285715 0.6123809523809524 0.1181547619047619 0.6195238095238095 0.11904761904761904 0.6433333333333333 0.11666666666666667 0.6490476190476191 0.11607142857142858 0.6633333333333333 0.10833333333333334 0.6885714285714286 0.10267857142857142 0.6947619047619048 0.09613095238095239 0.6933333333333334 0.09494047619047619 0.6885714285714286 0.10208333333333333 0.6714285714285714 0.10386904761904762 0.6238095238095238 0.11071428571428571 0.6152380952380953 0.11279761904761905 0.6090476190476191 0.11577380952380953 0.6080952380952381
2 0.11964285714285715 0.38571428571428573 0.12291666666666666 0.39 0.1255952380952381 0.42095238095238097 0.12470238095238095 0.43238095238095237 0.12172619047619047 0.43857142857142856 0.11547619047619048 0.4461904761904762 0.11041666666666666 0.44476190476190475 0.11279761904761905 0.4328571428571429 0.11369047619047619 0.4004761904761905 0.1193452380952381 0.3861904761904762
2 0.7291666666666666 0.34904761904761905 0.731547619047619 0.35904761904761906 0.725 0.39 0.7205357142857143 0.3980952380952381 0.7166666666666667 0.3976190476190476 0.7196428571428571 0.3519047619047619 0.7238095238095238 0.34809523809523807 0.7288690476190476 0.34904761904761905
2 0.5467261904761904 0.6076190476190476 0.5505952380952381 0.6404761904761904 0.5556547619047619 0.65 0.5589285714285714 0.6885714285714286 0.5535714285714286 0.689047619047619 0.5514880952380953 0.670952380952381 0.5464285714285714 0.6638095238095238 0.5363095238095238 0.6938095238095238 0.5330357142857143 0.689047619047619 0.5366071428571428 0.6680952380952381 0.5360119047619047 0.6438095238095238 0.5318452380952381 0.6338095238095238 0.5318452380952381 0.6290476190476191 0.5363095238095238 0.6195238095238095 0.5404761904761904 0.6161904761904762 0.5416666666666666 0.6090476190476191 0.5464285714285714 0.6076190476190476
2 0.2767857142857143 0.6633333333333333 0.27976190476190477 0.6671428571428571 0.2779761904761905 0.6961904761904761 0.27440476190476193 0.7095238095238096 0.2767857142857143 0.7304761904761905 0.27589285714285716 0.7338095238095238 0.2693452380952381 0.7357142857142858 0.2657738095238095 0.74 0.26398809523809524 0.7442857142857143 0.2648809523809524 0.7504761904761905 0.26220238095238096 0.7519047619047619 0.25684523809523807 0.7480952380952381 0.2586309523809524 0.7304761904761905 0.2619047619047619 0.7238095238095238 0.2619047619047619 0.7052380952380952 0.26726190476190476 0.6785714285714286 0.27232142857142855 0.6671428571428571 0.27648809523809526 0.6633333333333333
2 0.45476190476190476 0.49047619047619045 0.45654761904761904 0.49523809523809526 0.4505952380952381 0.5123809523809524 0.4523809523809524 0.5276190476190477 0.45 0.54 0.4467261904761905 0.5404761904761904 0.44642857142857145 0.5328571428571428 0.4419642857142857 0.5319047619047619 0.42857142857142855 0.5514285714285714 0.42529761904761904 0.5504761904761905 0.42857142857142855 0.5361904761904762 0.4342261904761905 0.5290476190476191 0.4446428571428571 0.49857142857142855 0.44970238095238096 0.4919047619047619 0.4544642857142857 0.49047619047619045
2 0.3488095238095238 0.5876190476190476 0.3508928571428571 0.5919047619047619 0.3488095238095238 0.6276190476190476 0.35535714285714287 0.6471428571428571 0.3470238095238095 0.660952380952381 0.34523809523809523 0.6685714285714286 0.3410714285714286 0.6685714285714286 0.33839285714285716 0.6566666666666666 0.33363095238095236 0.6638095238095238 0.3294642857142857 0.6766666666666666 0.32589285714285715 0.6742857142857143 0.3244047619047619 0.6676190476190477 0.33482142857142855 0.6452380952380953 0.33690476190476193 0.6223809523809524 0.34226190476190477 0.5957142857142858 0.3449404761904762 0.59 0.34851190476190474 0.5880952380952381
2 0.6199404761904762 0.5447619047619048 0.6300595238095238 0.5576190476190476 0.6306547619047619 0.5638095238095238 0.6300595238095238 0.5871428571428572 0.6270833333333333 0.5957142857142858 0.6279761904761905 0.6109523809523809 0.6267857142857143 0.6166666666666667 0.6232142857142857 0.62 0.6211309523809524 0.6171428571428571 0.6181547619047619 0.5995238095238096 0.6163690476190476 0.5957142857142858 0.6133928571428572 0.5952380952380952 0.6181547619047619 0.5752380952380952 0.6166666666666667 0.5471428571428572 0.6196428571428572 0.5447619047619048
2 0.13422619047619047 0.4614285714285714 0.13779761904761906 0.46285714285714286 0.13690476190476192 0.4961904761904762 0.14404761904761904 0.5280952380952381 0.14077380952380952 0.5314285714285715 0.13005952380952382 0.5138095238095238 0.12470238095238095 0.5295238095238095 0.11964285714285715 0.5304761904761904 0.11845238095238095 0.5266666666666666 0.12678571428571428 0.4804761904761905 0.13154761904761905 0.4633333333333333 0.13392857142857142 0.4614285714285714
2 0.47410714285714284 0.4961904761904762 0.4764880952380952 0.4990476190476191 0.47827380952380955 0.5223809523809524 0.4699404761904762 0.5228571428571429 0.46904761904761905 0.5261904761904762 0.47291666666666665 0.540952380952381 0.4660714285714286 0.5561904761904762 0.462202380952381 0.5542857142857143 0.4625 0.5433333333333333 0.46041666666666664 0.5404761904761904 0.4529761904761905 0.5519047619047619 0.4461309523809524 0.5552380952380952 0.44345238095238093 0.5533333333333333 0.45922619047619045 0.5157142857142857 0.4738095238095238 0.4961904761904762
2 0.40089285714285716 0.7342857142857143 0.40267857142857144 0.7376190476190476 0.4011904761904762 0.7528571428571429 0.40327380952380953 0.768095238095238 0.399702380952381 0.7814285714285715 0.4011904761904762 0.8128571428571428 0.40535714285714286 0.820952380952381 0.4017857142857143 0.8238095238095238 0.39553571428571427 0.8214285714285714 0.39375 0.8023809523809524 0.3770833333333333 0.8042857142857143 0.36815476190476193 0.8004761904761905 0.3657738095238095 0.7966666666666666 0.3693452380952381 0.7919047619047619 0.3800595238095238 0.7938095238095239 0.3827380952380952 0.790952380952381 0.38720238095238096 0.7514285714285714 0.3958333333333333 0.7357142857142858 0.4005952380952381 0.7342857142857143
2 0.6095238095238096 0.3157142857142857 0.6125 0.3233333333333333 0.611904761904762 0.36047619047619045 0.6095238095238096 0.36238095238095236 0.606845238095238 0.35904761904761906 0.6059523809523809 0.3485714285714286 0.6017857142857143 0.3504761904761905 0.5967261904761905 0.3595238095238095 0.5931547619047619 0.3566666666666667 0.593452380952381 0.3523809523809524 0.5988095238095238 0.34523809523809523 0.6035714285714285 0.32095238095238093 0.6092261904761904 0.3157142857142857
2 0.6788690476190476 0.5538095238095239 0.6827380952380953 0.5552380952380952 0.6901785714285714 0.570952380952381 0.6886904761904762 0.6004761904761905 0.6919642857142857 0.6157142857142858 0.6910714285714286 0.6195238095238095 0.687797619047619 0.6195238095238095 0.6827380952380953 0.6019047619047619 0.6788690476190476 0.5966666666666667 0.6735119047619048 0.5980952380952381 0.6672619047619047 0.6104761904761905 0.6610119047619047 0.6090476190476191 0.6732142857142858 0.5795238095238096 0.6723214285714286 0.5676190476190476 0.6770833333333334 0.560952380952381 0.6785714285714286 0.5542857142857143
3 0.8101190476190476 0.8666666666666667 0.8119047619047619 0.8690476190476191 0.8119047619047619 0.8766666666666667 0.81875 0.8876190476190476 0.8226190476190476 0.9028571428571428 0.8217261904761904 0.9095238095238095 0.8172619047619047 0.9095238095238095 0.8151785714285714 0.9128571428571428 0.819047619047619 0.9319047619047619 0.8166666666666667 0.9471428571428572 0.8154761904761905 0.9495238095238095 0.8107142857142857 0.9476190476190476 0.8071428571428572 0.9357142857142857 0.8035714285714286 0.9333333333333333 0.7961309523809523 0.9423809523809524 0.7934523809523809 0.95 0.7889880952380952 0.9495238095238095 0.7931547619047619 0.9366666666666666 0.7949404761904761 0.92 0.7934523809523809 0.8938095238095238 0.7961309523809523 0.8838095238095238 0.8032738095238096 0.8761904761904762 0.8050595238095238 0.8676190476190476 0.8098214285714286 0.8666666666666667
3 0.38125 0.47904761904761906 0.01369047619047619 0.06380952380952382