2 0.6056547619047619 0.6704761904761904 0.6172619047619048 0.6861904761904762 0.6202380952380953 0.7061904761904761 0.6178571428571429 0.7238095238095238 0.6232142857142857 0.7457142857142857 0.6193452380952381 0.7461904761904762 0.6142857142857143 0.7404761904761905 0.6151785714285715 0.7552380952380953 0.6086309523809523 0.7571428571428571 0.6089285714285714 0.7504761904761905 0.6053571428571428 0.7347619047619047 0.6056547619047619 0.7133333333333334 0.6020833333333333 0.7004761904761905 0.6038690476190476 0.6828571428571428 0.6020833333333333 0.6714285714285714 0.6053571428571428 0.670952380952381
2 0.8428571428571429 0.8557142857142858 0.8488095238095238 0.8561904761904762 0.8505952380952381 0.8695238095238095 0.8592261904761904 0.878095238095238 0.8645833333333334 0.8723809523809524 0.8669642857142857 0.8728571428571429 0.8639880952380953 0.8842857142857142 0.8541666666666666 0.8938095238095238 0.8547619047619047 0.9085714285714286 0.850297619047619 0.9352380952380952 0.85 0.949047619047619 0.8395833333333333 0.9495238095238095 0.8386904761904762 0.8980952380952381 0.8270833333333333 0.91 0.8244047619047619 0.910952380952381 0.8226190476190476 0.9071428571428571 0.8363095238095238 0.8847619047619047 0.8422619047619048 0.8695238095238095 0.8428571428571429 0.8561904761904762
2 0.8017857142857143 0.4804761904761905 0.8050595238095238 0.48333333333333334 0.8089285714285714 0.49476190476190474 0.8107142857142857 0.51 0.8068452380952381 0.5323809523809524 0.8089285714285714 0.540952380952381 0.8044642857142857 0.55 0.8005952380952381 0.55 0.7991071428571429 0.5471428571428572 0.8011904761904762 0.5414285714285715 0.7985119047619048 0.5285714285714286 0.8005952380952381 0.5052380952380953 0.7967261904761904 0.5057142857142857 0.7901785714285714 0.5133333333333333 0.787797619047619 0.5119047619047619 0.7955357142857142 0.5 0.7985119047619048 0.48333333333333334 0.8014880952380953 0.4804761904761905
2 0.2839285714285714 0.6461904761904762 0.2863095238095238 0.6471428571428571 0.2863095238095238 0.6685714285714286 0.2833333333333333 0.680952380952381 0.2833333333333333 0.7238095238095238 0.28095238095238095 0.7252380952380952 0.275 0.7238095238095238 0.27380952380952384 0.7119047619047619 0.27232142857142855 0.7095238095238096 0.26875 0.7114285714285714 0.26785714285714285 0.7066666666666667 0.27232142857142855 0.7019047619047619 0.27113095238095236 0.6847619047619048 0.2741071428571429 0.6652380952380952 0.2836309523809524 0.6461904761904762
2 0.5199404761904762 0.4695238095238095 0.5258928571428572 0.4795238095238095 0.5291666666666667 0.49666666666666665 0.5279761904761905 0.5285714285714286 0.5261904761904762 0.5323809523809524 0.5196428571428572 0.5238095238095238 0.5160714285714286 0.5085714285714286 0.5175595238095239 0.490952380952381 0.5151785714285714 0.48714285714285716 0.5175595238095239 0.47095238095238096 0.5196428571428572 0.4695238095238095
2 0.15773809523809523 0.6542857142857142 0.16160714285714287 0.6861904761904762 0.15773809523809523 0.6928571428571428 0.15089285714285713 0.7304761904761905 0.14345238095238094 0.7285714285714285 0.13720238095238096 0.741904761904762 0.13482142857142856 0.74 0.13363095238095238 0.7328571428571429 0.14375 0.7133333333333334 0.14523809523809525 0.7033333333333334 0.14047619047619048 0.6733333333333333 0.15357142857142858 0.6542857142857142 0.1574404761904762 0.6542857142857142
2 0.4407738095238095 0.4542857142857143 0.4425595238095238 0.45476190476190476 0.4467261904761905 0.4685714285714286 0.4479166666666667 0.48 0.4467261904761905 0.4876190476190476 0.4425595238095238 0.49 0.44107142857142856 0.4942857142857143 0.4401785714285714 0.5152380952380953 0.4357142857142857 0.5204761904761904 0.4336309523809524 0.5157142857142857 0.42857142857142855 0.4695238095238095 0.44047619047619047 0.4542857142857143
2 0.3630952380952381 0.4919047619047619 0.36964285714285716 0.5071428571428571 0.37083333333333335 0.5157142857142857 0.36875 0.5295238095238095 0.3636904761904762 0.5423809523809524 0.36339285714285713 0.55 0.35892857142857143 0.5638095238095238 0.3556547619047619 0.5666666666666667 0.3514880952380952 0.5638095238095238 0.35446428571428573 0.5580952380952381 0.3550595238095238 0.5347619047619048 0.3580357142857143 0.5233333333333333 0.3586309523809524 0.5038095238095238 0.36279761904761904 0.4919047619047619
2 0.24136904761904762 0.6523809523809524 0.2443452380952381 0.6647619047619048 0.24821428571428572 0.6623809523809524 0.2505952380952381 0.6647619047619048 0.2505952380952381 0.6685714285714286 0.24404761904761904 0.6795238095238095 0.2431547619047619 0.7166666666666667 0.23779761904761904 0.729047619047619 0.23482142857142857 0.7314285714285714 0.23125 0.7271428571428571 0.2330357142857143 0.7038095238095238 0.2300595238095238 0.6847619047619048 0.2300595238095238 0.6714285714285714 0.2363095238095238 0.6542857142857142 0.24107142857142858 0.6523809523809524
2 0.23363095238095238 0.6333333333333333 0.2375 0.6352380952380953 0.23779761904761904 0.6433333333333333 0.2300595238095238 0.6719047619047619 0.22916666666666666 0.6828571428571428 0.21785714285714286 0.6866666666666666 0.20982142857142858 0.7004761904761905 0.20654761904761904 0.7023809523809523 0.20625 0.7004761904761905 0.2080357142857143 0.6914285714285714 0.22380952380952382 0.65 0.23363095238095238 0.6338095238095238
2 0.5678571428571428 0.61 0.5744047619047619 0.6228571428571429 0.5758928571428571 0.6323809523809524 0.575 0.65 0.5708333333333333 0.6671428571428571 0.5738095238095238 0.6838095238095238 0.5717261904761904 0.6895238095238095 0.5675595238095238 0.689047619047619 0.5619047619047619 0.6652380952380952 0.5619047619047619 0.6504761904761904 0.5651785714285714 0.6314285714285715 0.5639880952380952 0.6123809523809524 0.5675595238095238 0.61
2 0.2571428571428571 0.7238095238095238 0.2604166666666667 0.7433333333333333 0.2592261904761905 0.7823809523809524 0.2538690476190476 0.79 0.2517857142857143 0.7995238095238095 0.24761904761904763 0.7980952380952381 0.24523809523809523 0.8138095238095238 0.24285714285714285 0.8157142857142857 0.23958333333333334 0.8133333333333334 0.2443452380952381 0.7728571428571429 0.2443452380952381 0.7457142857142857 0.2511904761904762 0.7357142857142858 0.25297619047619047 0.7261904761904762 0.25684523809523807 0.7238095238095238
2 0.7 0.4328571428571429 0.7071428571428572 0.4480952380952381 0.7065476190476191 0.49238095238095236 0.7038690476190477 0.49714285714285716 0.6967261904761904 0.4938095238095238 0.6949404761904762 0.4747619047619048 0.6976190476190476 0.43523809523809526 0.6997023809523809 0.4328571428571429
2 0.26279761904761906 0.7852380952380953 0.26339285714285715 0.7966666666666666 0.26904761904761904 0.8066666666666666 0.26875 0.8185714285714286 0.26458333333333334 0.8319047619047619 0.2586309523809524 0.8757142857142857 0.25535714285714284 0.8819047619047619 0.2520833333333333 0.8795238095238095 0.25029761904761905 0.8733333333333333 0.2505952380952381 0.8323809523809523 0.24761904761904763 0.819047619047619 0.25 0.8061904761904762 0.2556547619047619 0.7966666666666666 0.25625 0.7861904761904762 0.2625 0.7852380952380953
1 0.2922619047619048 0.41285714285714287 0.2967261904761905 0.42 0.30089285714285713 0.4342857142857143 0.30029761904761904 0.4480952380952381 0.2970238095238095 0.46 0.29851190476190476 0.4704761904761905 0.29583333333333334 0.4719047619047619 0.29345238095238096 0.4695238095238095 0.2922619047619048 0.45 0.28958333333333336 0.44666666666666666 0.28601190476190474 0.4514285714285714 0.2830357142857143 0.47333333333333333 0.2806547619047619 0.47095238095238096 0.28125 0.44857142857142857 0.2779761904761905 0.4423809523809524 0.27827380952380953 0.439047619047619 0.28214285714285714 0.42428571428571427 0.28958333333333336 0.4123809523809524 0.29196428571428573 0.41285714285714287
3 0.7901785714285714 0.23285714285714285 0.79375 0.23714285714285716 0.794345238095238 0.24523809523809523 0.7925595238095238 0.26 0.794047619047619 0.2723809523809524 0.7898809523809524 0.2785714285714286 0.7794642857142857 0.27285714285714285 0.7824404761904762 0.259047619047619 0.7833333333333333 0.24142857142857144 0.7863095238095238 0.2342857142857143 0.7898809523809524 0.23285714285714285
3 0.49464285714285716 0.6490476190476191 0.4979166666666667 0.6528571428571428 0.5026785714285714 0.6676190476190477 0.5038690476190476 0.6823809523809524 0.5011904761904762 0.7042857142857143 0.5044642857142857 0.7233333333333334 0.4988095238095238 0.7257142857142858 0.49583333333333335 0.7328571428571429 0.49255952380952384 0.7295238095238096 0.48988095238095236 0.709047619047619 0.49166666666666664 0.6914285714285714 0.48779761904761904 0.6885714285714286 0.4869047619047619 0.6833333333333333 0.4913690476190476 0.6752380952380952 0.49107142857142855 0.6519047619047619 0.4943452380952381 0.6495238095238095
0 0.30565476190476193 0.6985714285714286 0.3092261904761905 0.7033333333333334 0.3068452380952381 0.7104761904761905 0.3011904761904762 0.7071428571428572 0.30178571428571427 0.7004761904761905 0.3053571428571429 0.6985714285714286