0 0.5366071428571428 0.3380952380952381 0.5395833333333333 0.3433333333333333 0.5366071428571428 0.3495238095238095 0.53125 0.3457142857142857 0.5327380952380952 0.33904761904761904 0.5363095238095238 0.3380952380952381
2 0.3351190476190476 0.4576190476190476 0.337202380952381 0.46904761904761905 0.3488095238095238 0.48238095238095235 0.3529761904761905 0.4961904761904762 0.3523809523809524 0.5004761904761905 0.3488095238095238 0.5 0.34523809523809523 0.49476190476190474 0.3425595238095238 0.49857142857142855 0.3380952380952381 0.5214285714285715 0.3443452380952381 0.5395238095238095 0.34226190476190477 0.5452380952380952 0.33154761904761904 0.5319047619047619 0.32321428571428573 0.5414285714285715 0.31726190476190474 0.5428571428571428 0.3261904761904762 0.5185714285714286 0.32708333333333334 0.5104761904761905 0.3267857142857143 0.5 0.3229166666666667 0.4880952380952381 0.32261904761904764 0.48095238095238096 0.32976190476190476 0.4695238095238095 0.33095238095238094 0.4604761904761905 0.33482142857142855 0.4576190476190476
2 0.3806547619047619 0.3819047619047619 0.38392857142857145 0.38666666666666666 0.38244047619047616 0.3952380952380952 0.38511904761904764 0.40523809523809523 0.38571428571428573 0.4247619047619048 0.3830357142857143 0.4328571428571429 0.38184523809523807 0.45285714285714285 0.3738095238095238 0.4666666666666667 0.37351190476190477 0.4742857142857143 0.36339285714285713 0.47 0.3693452380952381 0.44095238095238093 0.36607142857142855 0.4114285714285714 0.36964285714285716 0.40095238095238095 0.375 0.3933333333333333 0.3773809523809524 0.3838095238095238 0.38035714285714284 0.3819047619047619
2 0.2898809523809524 0.46523809523809523 0.2925595238095238 0.46714285714285714 0.29910714285714285 0.4866666666666667 0.2949404761904762 0.5204761904761904 0.29791666666666666 0.5290476190476191 0.2976190476190476 0.5371428571428571 0.2898809523809524 0.5366666666666666 0.2839285714285714 0.5580952380952381 0.2794642857142857 0.5571428571428572 0.28273809523809523 0.5052380952380953 0.2818452380952381 0.4866666666666667 0.28958333333333336 0.4657142857142857
2 0.41458333333333336 0.3438095238095238 0.4181547619047619 0.3595238095238095 0.4172619047619048 0.38142857142857145 0.4205357142857143 0.3942857142857143 0.42083333333333334 0.4076190476190476 0.41785714285714287 0.4123809523809524 0.41309523809523807 0.3942857142857143 0.4044642857142857 0.3919047619047619 0.39404761904761904 0.4157142857142857 0.39017857142857143 0.4147619047619048 0.39613095238095236 0.39095238095238094 0.39553571428571427 0.38285714285714284 0.4 0.3595238095238095 0.4107142857142857 0.3438095238095238 0.4142857142857143 0.3438095238095238
2 0.4842261904761905 0.34095238095238095 0.48660714285714285 0.3357142857142857 0.48779761904761904 0.32285714285714284 0.4919642857142857 0.3142857142857143 0.5053571428571428 0.30238095238095236 0.5086309523809524 0.3019047619047619 0.5104166666666666 0.3061904761904762 0.5041666666666667 0.31761904761904763 0.5023809523809524 0.33714285714285713 0.4982142857142857 0.3485714285714286 0.48720238095238094 0.3576190476190476 0.48273809523809524 0.34904761904761905 0.4842261904761905 0.3414285714285714
2 0.7556547619047619 0.3323809523809524 0.7586309523809524 0.33476190476190476 0.7678571428571429 0.35619047619047617 0.7690476190476191 0.37285714285714283 0.7657738095238096 0.38571428571428573 0.7675595238095239 0.40523809523809523 0.7654761904761904 0.40904761904761905 0.763095238095238 0.4080952380952381 0.7610119047619047 0.3952380952380952 0.7577380952380952 0.38952380952380955 0.7550595238095238 0.3933333333333333 0.7523809523809524 0.4114285714285714 0.7488095238095238 0.4142857142857143 0.7452380952380953 0.41095238095238096 0.7479166666666667 0.4061904761904762 0.7505952380952381 0.38761904761904764 0.749702380952381 0.3761904761904762 0.7526785714285714 0.3466666666666667 0.7520833333333333 0.33476190476190476 0.7553571428571428 0.3323809523809524
2 0.9916666666666667 0.42523809523809525 0.9961309523809524 0.4180952380952381 0.9979166666666667 0.38 0.999702380952381 0.37952380952380954 0.999702380952381 0.46190476190476193 0.9943452380952381 0.4614285714285714 0.9943452380952381 0.45380952380952383 0.9904761904761905 0.4461904761904762 0.9895833333333334 0.43523809523809526 0.9916666666666667 0.4257142857142857
2 0.5693452380952381 0.3304761904761905 0.5714285714285714 0.3414285714285714 0.5776785714285714 0.35523809523809524 0.5788690476190477 0.38 0.587202380952381 0.4042857142857143 0.5854166666666667 0.40714285714285714 0.58125 0.4038095238095238 0.5744047619047619 0.38857142857142857 0.5684523809523809 0.38571428571428573 0.5577380952380953 0.38904761904761903 0.5550595238095238 0.40523809523809523 0.55 0.4066666666666667 0.5502976190476191 0.38666666666666666 0.5571428571428572 0.36904761904761907 0.5580357142857143 0.3585714285714286 0.5556547619047619 0.35523809523809524 0.5470238095238096 0.36142857142857143 0.5455357142857142 0.3585714285714286 0.549404761904762 0.3523809523809524 0.5619047619047619 0.3419047619047619 0.5645833333333333 0.33095238095238094 0.569047619047619 0.3304761904761905
2 0.4351190476190476 0.40285714285714286 0.4380952380952381 0.41285714285714287 0.4369047619047619 0.4257142857142857 0.4413690476190476 0.4357142857142857 0.4398809523809524 0.4576190476190476 0.4351190476190476 0.46 0.43452380952380953 0.4438095238095238 0.4232142857142857 0.44333333333333336 0.4113095238095238 0.46190476190476193 0.4080357142857143 0.46 0.41636904761904764 0.4357142857142857 0.41845238095238096 0.4147619047619048 0.4264880952380952 0.40095238095238095 0.4288690476190476 0.3904761904761905 0.43273809523809526 0.3914285714285714 0.4348214285714286 0.40285714285714286
2 0.5226190476190476 0.27476190476190476 0.5258928571428572 0.2761904761904762 0.5348214285714286 0.2895238095238095 0.5288690476190476 0.29333333333333333 0.5279761904761905 0.32857142857142857 0.5217261904761905 0.3414285714285714 0.518154761904762 0.3442857142857143 0.5166666666666667 0.3342857142857143 0.5119047619047619 0.3238095238095238 0.5151785714285714 0.31523809523809526 0.5154761904761904 0.29 0.5223214285714286 0.2752380952380952
2 0.6964285714285714 0.35714285714285715 0.7065476190476191 0.38 0.7065476190476191 0.38666666666666666 0.7035714285714286 0.3914285714285714 0.7 0.4104761904761905 0.6961309523809524 0.4442857142857143 0.6931547619047619 0.44666666666666666 0.6854166666666667 0.44 0.6854166666666667 0.40285714285714286 0.6889880952380952 0.37476190476190474 0.6922619047619047 0.36857142857142855 0.6916666666666667 0.3595238095238095 0.6961309523809524 0.35714285714285715
1 0.29404761904761906 0.3576190476190476 0.29642857142857143 0.36142857142857143 0.2943452380952381 0.4066666666666667 0.2967261904761905 0.4157142857142857 0.29404761904761906 0.41904761904761906 0.28958333333333336 0.4185714285714286 0.287797619047619 0.42238095238095236 0.2892857142857143 0.42904761904761907 0.28660714285714284 0.430952380952381 0.27440476190476193 0.42523809523809525 0.27708333333333335 0.4 0.27232142857142855 0.3914285714285714 0.2720238095238095 0.3842857142857143 0.27827380952380953 0.37238095238095237 0.287797619047619 0.36666666666666664 0.2904761904761905 0.35904761904761906 0.29375 0.3576190476190476
3 0.7577380952380952 0.17761904761904762 0.7651785714285714 0.18857142857142858 0.7666666666666667 0.2038095238095238 0.7726190476190476 0.2257142857142857 0.7723214285714286 0.23238095238095238 0.7616071428571428 0.23047619047619047 0.7610119047619047 0.21333333333333335 0.7586309523809524 0.20857142857142857 0.7541666666666667 0.21095238095238095 0.7482142857142857 0.22952380952380952 0.7446428571428572 0.2280952380952381 0.7482142857142857 0.20857142857142857 0.7517857142857143 0.19952380952380952 0.7517857142857143 0.1819047619047619 0.7538690476190476 0.17809523809523808 0.7574404761904762 0.17761904761904762
3 0.8363095238095238 0.3871428571428571 0.8389880952380953 0.39 0.8401785714285714 0.3985714285714286 0.8455357142857143 0.4066666666666667 0.8491071428571428 0.4180952380952381 0.8398809523809524 0.44904761904761903 0.8383928571428572 0.47333333333333333 0.8351190476190476 0.48142857142857143 0.83125 0.4804761904761905 0.8282738095238096 0.4580952380952381 0.830654761904762 0.42857142857142855 0.8261904761904761 0.42142857142857143 0.8327380952380953 0.3976190476190476 0.8321428571428572 0.39 0.8360119047619048 0.3871428571428571