0 0.4461309523809524 0.4623809523809524 0.4494047619047619 0.4642857142857143 0.4494047619047619 0.47095238095238096 0.4455357142857143 0.4723809523809524 0.44345238095238093 0.47 0.44583333333333336 0.46285714285714286
2 0.7083333333333334 0.33095238095238094 0.7104166666666667 0.3357142857142857 0.7083333333333334 0.3566666666666667 0.7104166666666667 0.36952380952380953 0.7068452380952381 0.37 0.7029761904761904 0.3661904761904762 0.6994047619047619 0.3738095238095238 0.6958333333333333 0.37285714285714283 0.6994047619047619 0.3595238095238095 0.7011904761904761 0.3414285714285714 0.6955357142857143 0.3314285714285714 0.7029761904761904 0.3333333333333333 0.7080357142857143 0.33095238095238094
2 0.4949404761904762 0.5228571428571429 0.4982142857142857 0.5266666666666666 0.5011904761904762 0.5361904761904762 0.49910714285714286 0.5528571428571428 0.5023809523809524 0.5738095238095238 0.5014880952380952 0.5780952380952381 0.49851190476190477 0.5761904761904761 0.49642857142857144 0.5780952380952381 0.49523809523809526 0.5885714285714285 0.4913690476190476 0.5847619047619048 0.48720238095238094 0.549047619047619 0.4845238095238095 0.5433333333333333 0.4889880952380952 0.5157142857142857 0.49255952380952384 0.5152380952380953 0.49464285714285716 0.5228571428571429
2 0.19255952380952382 0.4661904761904762 0.1943452380952381 0.4695238095238095 0.19672619047619047 0.5052380952380953 0.19940476190476192 0.5171428571428571 0.19970238095238096 0.5414285714285715 0.1943452380952381 0.5395238095238095 0.17797619047619048 0.4847619047619048 0.17857142857142858 0.48095238095238096 0.18601190476190477 0.4747619047619048 0.18898809523809523 0.46714285714285714 0.19226190476190477 0.4661904761904762
2 0.49464285714285716 0.370952380952381 0.5026785714285714 0.3761904761904762 0.50625 0.38571428571428573 0.5059523809523809 0.3995238095238095 0.512797619047619 0.4076190476190476 0.5119047619047619 0.41285714285714287 0.4982142857142857 0.4023809523809524 0.49464285714285716 0.4147619047619048 0.49107142857142855 0.4147619047619048 0.49255952380952384 0.3780952380952381 0.49464285714285716 0.37142857142857144
2 0.3425595238095238 0.4195238095238095 0.3443452380952381 0.4266666666666667 0.34345238095238095 0.4423809523809524 0.35119047619047616 0.4642857142857143 0.3488095238095238 0.46714285714285714 0.3419642857142857 0.46 0.3404761904761905 0.47333333333333333 0.33839285714285716 0.47714285714285715 0.33541666666666664 0.4738095238095238 0.3327380952380952 0.43857142857142856 0.3351190476190476 0.42904761904761907 0.3392857142857143 0.42095238095238097 0.34226190476190477 0.4195238095238095
2 0.9223214285714286 0.5876190476190476 0.9241071428571429 0.5885714285714285 0.9252976190476191 0.5980952380952381 0.9285714285714286 0.6028571428571429 0.9306547619047619 0.6123809523809524 0.9258928571428572 0.6390476190476191 0.9300595238095238 0.6680952380952381 0.9282738095238096 0.6714285714285714 0.9241071428571429 0.6704761904761904 0.9217261904761904 0.6604761904761904 0.9184523809523809 0.6638095238095238 0.9136904761904762 0.6614285714285715 0.9172619047619047 0.6485714285714286 0.9166666666666666 0.6304761904761905 0.9154761904761904 0.6228571428571429 0.9113095238095238 0.6195238095238095 0.9148809523809524 0.6042857142857143 0.91875 0.5985714285714285 0.9196428571428571 0.5885714285714285 0.9220238095238096 0.5876190476190476
2 0.1523809523809524 0.6095238095238096 0.15446428571428572 0.6114285714285714 0.15476190476190477 0.62 0.16071428571428573 0.6333333333333333 0.15833333333333333 0.6442857142857142 0.1601190476190476 0.650952380952381 0.15892857142857142 0.6604761904761904 0.1630952380952381 0.6814285714285714 0.16130952380952382 0.6866666666666666 0.15625 0.6776190476190476 0.15446428571428572 0.6695238095238095 0.15386904761904763 0.6823809523809524 0.1505952380952381 0.6852380952380952 0.14464285714285716 0.6671428571428571 0.14345238095238094 0.6423809523809524 0.14047619047619048 0.6342857142857142 0.14285714285714285 0.6238095238095238 0.15208333333333332 0.6095238095238096
2 0.38184523809523807 0.3585714285714286 0.3860119047619048 0.3657142857142857 0.3880952380952381 0.37952380952380954 0.39226190476190476 0.3852380952380952 0.3904761904761905 0.3995238095238095 0.38660714285714287 0.39904761904761904 0.37916666666666665 0.38333333333333336 0.37529761904761905 0.36952380952380953 0.37648809523809523 0.35714285714285715 0.3800595238095238 0.3557142857142857 0.381547619047619 0.3585714285714286
2 0.40922619047619047 0.42428571428571427 0.41369047619047616 0.44571428571428573 0.41369047619047616 0.47 0.4113095238095238 0.4847619047619048 0.40773809523809523 0.4838095238095238 0.40327380952380953 0.46095238095238095 0.3970238095238095 0.45714285714285713 0.4005952380952381 0.4357142857142857 0.4056547619047619 0.4247619047619048 0.4089285714285714 0.42428571428571427
2 0.49464285714285716 0.34904761904761905 0.4982142857142857 0.35285714285714287 0.5029761904761905 0.37285714285714283 0.5023809523809524 0.37714285714285717 0.49404761904761907 0.37333333333333335 0.4928571428571429 0.3576190476190476 0.49464285714285716 0.3495238095238095
2 0.8604166666666667 0.7871428571428571 0.8642857142857143 0.7961904761904762 0.8735119047619048 0.8033333333333333 0.8764880952380952 0.8095238095238095 0.8714285714285714 0.820952380952381 0.875297619047619 0.8404761904761905 0.8785714285714286 0.8528571428571429 0.8946428571428572 0.8738095238095238 0.8955357142857143 0.88 0.8940476190476191 0.8852380952380953 0.888095238095238 0.8747619047619047 0.8696428571428572 0.8533333333333334 0.8678571428571429 0.8571428571428571 0.8699404761904762 0.8723809523809524 0.8616071428571429 0.8728571428571429 0.8636904761904762 0.8657142857142858 0.8598214285714286 0.8471428571428572 0.8604166666666667 0.830952380952381 0.8592261904761904 0.8271428571428572 0.8526785714285714 0.8261904761904761 0.8517857142857143 0.8223809523809524 0.8523809523809524 0.8085714285714286 0.8556547619047619 0.8004761904761905 0.8547619047619047 0.79 0.85625 0.7861904761904762 0.8601190476190477 0.7871428571428571
2 0.7410714285714286 0.439047619047619 0.7449404761904762 0.4380952380952381 0.7520833333333333 0.4561904761904762 0.749702380952381 0.4838095238095238 0.7529761904761905 0.5019047619047619 0.7517857142857143 0.5047619047619047 0.7461309523809524 0.5052380952380953 0.7446428571428572 0.4961904761904762 0.7395833333333334 0.48428571428571426 0.7375 0.46095238095238095 0.7413690476190476 0.43952380952380954
2 0.35982142857142857 0.37523809523809526 0.36964285714285716 0.3914285714285714 0.37410714285714286 0.4033333333333333 0.38244047619047616 0.4147619047619048 0.3827380952380952 0.4180952380952381 0.3800595238095238 0.42 0.3776785714285714 0.41333333333333333 0.36666666666666664 0.40476190476190477 0.3636904761904762 0.40714285714285714 0.3651785714285714 0.4147619047619048 0.3613095238095238 0.4176190476190476 0.3574404761904762 0.4042857142857143 0.3586309523809524 0.39714285714285713 0.3568452380952381 0.37666666666666665 0.3595238095238095 0.37523809523809526
2 0.763095238095238 0.3314285714285714 0.7690476190476191 0.3385714285714286 0.7699404761904762 0.3595238095238095 0.7755952380952381 0.36952380952380953 0.7720238095238096 0.37142857142857144 0.768452380952381 0.36857142857142855 0.7654761904761904 0.3757142857142857 0.7607142857142857 0.3657142857142857 0.7598214285714285 0.34809523809523807 0.756547619047619 0.3419047619047619 0.7583333333333333 0.3352380952380952 0.762797619047619 0.3314285714285714
2 0.9761904761904762 0.39714285714285713 0.9830357142857142 0.41333333333333333 0.9824404761904761 0.43523809523809526 0.986904761904762 0.45285714285714285 0.9851190476190477 0.45666666666666667 0.9758928571428571 0.4561904761904762 0.9758928571428571 0.45 0.9717261904761905 0.43761904761904763 0.9723214285714286 0.3995238095238095 0.9735119047619047 0.39666666666666667 0.9758928571428571 0.39714285714285713
2 0.6407738095238096 0.5152380952380953 0.6485119047619048 0.5361904761904762 0.6455357142857143 0.550952380952381 0.6461309523809524 0.5766666666666667 0.6440476190476191 0.5833333333333334 0.6404761904761904 0.5819047619047619 0.6333333333333333 0.5366666666666666 0.6369047619047619 0.5161904761904762 0.6404761904761904 0.5152380952380953
2 0.1988095238095238 0.6209523809523809 0.20654761904761904 0.6371428571428571 0.21071428571428572 0.6866666666666666 0.20982142857142858 0.6957142857142857 0.2080357142857143 0.6961904761904761 0.20625 0.6961904761904761 0.19613095238095238 0.679047619047619 0.19226190476190477 0.6628571428571428 0.19196428571428573 0.6371428571428571 0.19464285714285715 0.6228571428571429 0.19851190476190475 0.6209523809523809
2 0.7729166666666667 0.43523809523809526 0.780952380952381 0.45285714285714285 0.7782738095238095 0.46095238095238095 0.7791666666666667 0.47333333333333333 0.7872023809523809 0.4838095238095238 0.7863095238095238 0.48857142857142855 0.7791666666666667 0.4838095238095238 0.7732142857142857 0.4895238095238095 0.76875 0.4876190476190476 0.7717261904761905 0.4804761904761905 0.7672619047619048 0.4561904761904762 0.768452380952381 0.4357142857142857 0.7726190476190476 0.43523809523809526
3 0.5613095238095238 0.43523809523809526 0.5675595238095238 0.44857142857142857 0.562797619047619 0.48 0.5651785714285714 0.4961904761904762 0.5616071428571429 0.5014285714285714 0.5577380952380953 0.4942857142857143 0.5541666666666667 0.4561904761904762 0.5583333333333333 0.4357142857142857 0.5610119047619048 0.43523809523809526
3 0.30714285714285716 0.2985714285714286 0.3107142857142857 0.29619047619047617 0.31398809523809523 0.30095238095238097 0.3196428571428571 0.3380952380952381 0.3175595238095238 0.34285714285714286 0.3104166666666667 0.3419047619047619 0.30714285714285716 0.34523809523809523 0.3044642857142857 0.34285714285714286 0.30178571428571427 0.31666666666666665 0.30714285714285716 0.29904761904761906