0 0.39880952380952384 0.36904761904761907 0.40148809523809526 0.370952380952381 0.4023809523809524 0.37761904761904763 0.39940476190476193 0.3842857142857143 0.39553571428571427 0.3861904761904762 0.3913690476190476 0.38476190476190475 0.3898809523809524 0.37952380952380954 0.39375 0.3719047619047619 0.3985119047619048 0.36904761904761907
2 0.9470238095238095 0.2976190476190476 0.9494047619047619 0.3 0.9541666666666667 0.32476190476190475 0.9535714285714286 0.36666666666666664 0.9553571428571429 0.38666666666666666 0.95 0.3914285714285714 0.9479166666666666 0.3904761904761905 0.9467261904761904 0.37714285714285717 0.9392857142857143 0.3657142857142857 0.9375 0.35619047619047617 0.9380952380952381 0.33380952380952383 0.9422619047619047 0.310952380952381 0.9416666666666667 0.30047619047619045 0.9467261904761904 0.2976190476190476
2 0.9949404761904762 0.26142857142857145 0.9976190476190476 0.26571428571428574 0.9979166666666667 0.2742857142857143 0.999702380952381 0.27476190476190476 0.999702380952381 0.2966666666666667 0.9979166666666667 0.29714285714285715 0.9973214285714286 0.31 0.999702380952381 0.3504761904761905 0.9958333333333333 0.3519047619047619 0.9830357142857142 0.3485714285714286 0.9860119047619048 0.30523809523809525 0.9851190476190477 0.29333333333333333 0.9875 0.2885714285714286 0.9895833333333334 0.26571428571428574 0.9913690476190476 0.2619047619047619 0.9946428571428572 0.26142857142857145
2 0.8940476190476191 0.5514285714285714 0.8967261904761905 0.5542857142857143 0.8979166666666667 0.5661904761904762 0.9026785714285714 0.58 0.9002976190476191 0.6047619047619047 0.9008928571428572 0.64 0.9050595238095238 0.6628571428571428 0.9080357142857143 0.6676190476190477 0.90625 0.6752380952380952 0.9011904761904762 0.679047619047619 0.8982142857142857 0.6757142857142857 0.8982142857142857 0.659047619047619 0.8907738095238096 0.6361904761904762 0.8869047619047619 0.6433333333333333 0.8869047619047619 0.6738095238095239 0.8764880952380952 0.6757142857142857 0.874702380952381 0.6723809523809524 0.8800595238095238 0.6647619047619048 0.8803571428571428 0.6309523809523809 0.8857142857142857 0.6038095238095238 0.888095238095238 0.5542857142857143 0.89375 0.5514285714285714
2 0.6196428571428572 0.3385714285714286 0.6273809523809524 0.35904761904761906 0.6300595238095238 0.3861904761904762 0.6294642857142857 0.4042857142857143 0.6330357142857143 0.41095238095238096 0.6345238095238095 0.42523809523809525 0.6279761904761905 0.43 0.6220238095238095 0.42857142857142855 0.6235119047619048 0.4180952380952381 0.6142857142857143 0.3995238095238095 0.6142857142857143 0.3414285714285714 0.6193452380952381 0.3385714285714286
2 0.42529761904761904 0.36 0.43005952380952384 0.3628571428571429 0.4318452380952381 0.370952380952381 0.4398809523809524 0.37714285714285717 0.444047619047619 0.38761904761904764 0.44702380952380955 0.4066666666666667 0.4461309523809524 0.4185714285714286 0.44970238095238096 0.43047619047619046 0.44970238095238096 0.45380952380952383 0.4419642857142857 0.45714285714285713 0.4354166666666667 0.45285714285714285 0.4369047619047619 0.4452380952380952 0.4324404761904762 0.4257142857142857 0.43065476190476193 0.3980952380952381 0.42142857142857143 0.3757142857142857 0.42142857142857143 0.36333333333333334 0.425 0.36047619047619045
2 0.2392857142857143 0.48714285714285716 0.2425595238095238 0.5014285714285714 0.2523809523809524 0.5223809523809524 0.2461309523809524 0.5323809523809524 0.24375 0.5595238095238095 0.24494047619047618 0.5919047619047619 0.24136904761904762 0.5995238095238096 0.2375 0.5928571428571429 0.23720238095238094 0.5771428571428572 0.22648809523809524 0.5647619047619048 0.22767857142857142 0.5314285714285715 0.225 0.5171428571428571 0.2261904761904762 0.5076190476190476 0.2324404761904762 0.4980952380952381 0.23422619047619048 0.4880952380952381 0.23898809523809525 0.48714285714285716
2 0.44375 0.34809523809523807 0.4494047619047619 0.3523809523809524 0.4568452380952381 0.37761904761904763 0.4529761904761905 0.4238095238095238 0.4494047619047619 0.4338095238095238 0.44494047619047616 0.42238095238095236 0.44583333333333336 0.40523809523809523 0.4407738095238095 0.38 0.4324404761904762 0.37285714285714283 0.4255952380952381 0.35904761904761906 0.4276785714285714 0.35 0.43601190476190477 0.3514285714285714 0.44345238095238093 0.34809523809523807
2 0.7535714285714286 0.3823809523809524 0.763095238095238 0.4038095238095238 0.7690476190476191 0.4452380952380952 0.7779761904761905 0.4561904761904762 0.7758928571428572 0.4623809523809524 0.7657738095238096 0.4614285714285714 0.7648809523809523 0.47285714285714286 0.7622023809523809 0.4757142857142857 0.7580357142857143 0.4738095238095238 0.7535714285714286 0.46 0.7508928571428571 0.44333333333333336 0.7505952380952381 0.4261904761904762 0.7470238095238095 0.4185714285714286 0.7491071428571429 0.4104761904761905 0.7473214285714286 0.38333333333333336 0.7532738095238095 0.3823809523809524
2 0.49583333333333335 0.3519047619047619 0.4982142857142857 0.3538095238095238 0.49970238095238095 0.36428571428571427 0.5047619047619047 0.37714285714285717 0.50625 0.4057142857142857 0.5041666666666667 0.4180952380952381 0.5089285714285714 0.42333333333333334 0.5101190476190476 0.42857142857142855 0.5086309523809524 0.4361904761904762 0.5053571428571428 0.4328571428571429 0.5011904761904762 0.43333333333333335 0.5008928571428571 0.44285714285714284 0.4982142857142857 0.4461904761904762 0.4901785714285714 0.4442857142857143 0.4928571428571429 0.43523809523809526 0.4886904761904762 0.4257142857142857 0.49107142857142855 0.39904761904761904 0.4901785714285714 0.36142857142857143 0.49107142857142855 0.35428571428571426 0.4955357142857143 0.3519047619047619
2 0.6413690476190477 0.3119047619047619 0.6440476190476191 0.3142857142857143 0.6491071428571429 0.3352380952380952 0.6502976190476191 0.3738095238095238 0.6532738095238095 0.3780952380952381 0.6616071428571428 0.3819047619047619 0.6633928571428571 0.3861904761904762 0.6616071428571428 0.3961904761904762 0.6517857142857143 0.38857142857142857 0.6461309523809524 0.3880952380952381 0.6449404761904762 0.3976190476190476 0.6476190476190476 0.4042857142857143 0.643452380952381 0.4095238095238095 0.6357142857142857 0.4080952380952381 0.6389880952380952 0.39714285714285713 0.6369047619047619 0.38666666666666666 0.637797619047619 0.3514285714285714 0.6348214285714285 0.3171428571428571 0.6360119047619047 0.31285714285714283 0.6410714285714286 0.3119047619047619
2 0.9092261904761905 0.31333333333333335 0.9116071428571428 0.3171428571428571 0.91875 0.3476190476190476 0.9157738095238095 0.3842857142857143 0.9202380952380952 0.4004761904761905 0.9107142857142857 0.41285714285714287 0.9020833333333333 0.4114285714285714 0.90625 0.39666666666666667 0.9026785714285714 0.3628571428571429 0.9020833333333333 0.31666666666666665 0.9038690476190476 0.31333333333333335 0.9089285714285714 0.31333333333333335
2 0.9044642857142857 0.8709523809523809 0.9044642857142857 0.8819047619047619 0.9020833333333333 0.88 0.9011904761904762 0.8733333333333333 0.9041666666666667 0.8709523809523809
1 0.23422619047619048 0.33476190476190476 0.23720238095238094 0.3380952380952381 0.23720238095238094 0.3414285714285714 0.23154761904761906 0.3585714285714286 0.23035714285714284 0.38333333333333336 0.22708333333333333 0.4 0.22827380952380952 0.4114285714285714 0.22351190476190477 0.4119047619047619 0.21577380952380953 0.40476190476190477 0.2119047619047619 0.4080952380952381 0.2080357142857143 0.41904761904761906 0.20386904761904762 0.4180952380952381 0.20535714285714285 0.40190476190476193 0.2113095238095238 0.37952380952380954 0.20952380952380953 0.37333333333333335 0.20297619047619048 0.3647619047619048 0.2044642857142857 0.3595238095238095 0.21279761904761904 0.3485714285714286 0.22708333333333333 0.34523809523809523 0.2300595238095238 0.33666666666666667 0.23392857142857143 0.3352380952380952
3 0.9678571428571429 0.439047619047619 0.9738095238095238 0.4604761904761905 0.9738095238095238 0.4680952380952381 0.9717261904761905 0.4976190476190476 0.9672619047619048 0.5185714285714286 0.9767857142857143 0.5385714285714286 0.9738095238095238 0.55 0.9633928571428572 0.5523809523809524 0.9550595238095239 0.5495238095238095 0.9589285714285715 0.5385714285714286 0.9568452380952381 0.5119047619047619 0.9598214285714286 0.44571428571428573 0.9627976190476191 0.439047619047619 0.9675595238095238 0.439047619047619