0 0.5818452380952381 0.27380952380952384 0.5857142857142857 0.2776190476190476 0.5863095238095238 0.2838095238095238 0.5815476190476191 0.2919047619047619 0.5779761904761904 0.29095238095238096 0.575 0.2833333333333333 0.5779761904761904 0.2742857142857143 0.5815476190476191 0.27380952380952384
2 0.7306547619047619 0.3942857142857143 0.7324404761904761 0.39714285714285713 0.7330357142857142 0.4076190476190476 0.7410714285714286 0.42428571428571427 0.7416666666666667 0.4361904761904762 0.7461309523809524 0.4561904761904762 0.7446428571428572 0.4757142857142857 0.7592261904761904 0.4938095238095238 0.7580357142857143 0.5023809523809524 0.7547619047619047 0.5061904761904762 0.7511904761904762 0.4928571428571429 0.7410714285714286 0.4828571428571429 0.7383928571428572 0.48333333333333334 0.736904761904762 0.49047619047619045 0.7386904761904762 0.5066666666666667 0.7345238095238096 0.5114285714285715 0.7273809523809524 0.5085714285714286 0.731547619047619 0.5009523809523809 0.7279761904761904 0.4847619047619048 0.7267857142857143 0.4580952380952381 0.7220238095238095 0.4533333333333333 0.7226190476190476 0.44571428571428573 0.7273809523809524 0.4328571428571429 0.7241071428571428 0.3976190476190476 0.7267857142857143 0.39380952380952383 0.7303571428571428 0.3942857142857143
2 0.4238095238095238 0.4804761904761905 0.42589285714285713 0.48904761904761906 0.4288690476190476 0.49238095238095236 0.44821428571428573 0.4942857142857143 0.4529761904761905 0.4919047619047619 0.45476190476190476 0.4942857142857143 0.44910714285714287 0.5014285714285714 0.4303571428571429 0.5047619047619047 0.43214285714285716 0.5242857142857142 0.43898809523809523 0.54 0.4342261904761905 0.5461904761904762 0.4336309523809524 0.5547619047619048 0.4407738095238095 0.5604761904761905 0.4407738095238095 0.5671428571428572 0.42738095238095236 0.5814285714285714 0.425 0.5814285714285714 0.4238095238095238 0.5776190476190476 0.43333333333333335 0.5604761904761905 0.425 0.5504761904761905 0.41845238095238096 0.5314285714285715 0.4139880952380952 0.5366666666666666 0.41220238095238093 0.5519047619047619 0.40773809523809523 0.5538095238095239 0.4068452380952381 0.55 0.4095238095238095 0.5219047619047619 0.4175595238095238 0.4990476190476191 0.4160714285714286 0.48428571428571426 0.4181547619047619 0.4804761904761905 0.42351190476190476 0.4804761904761905
2 0.5190476190476191 0.4114285714285714 0.5208333333333334 0.4180952380952381 0.51875 0.43952380952380954 0.5193452380952381 0.46095238095238095 0.5160714285714286 0.4666666666666667 0.5160714285714286 0.4847619047619048 0.5125 0.49666666666666665 0.5107142857142857 0.5190476190476191 0.5086309523809524 0.520952380952381 0.5041666666666667 0.5157142857142857 0.5053571428571428 0.490952380952381 0.5017857142857143 0.47714285714285715 0.4988095238095238 0.4419047619047619 0.5154761904761904 0.4114285714285714 0.51875 0.4114285714285714
2 0.3836309523809524 0.5014285714285714 0.38839285714285715 0.5052380952380953 0.3875 0.5547619047619048 0.39464285714285713 0.5895238095238096 0.39107142857142857 0.6133333333333333 0.39226190476190476 0.6266666666666667 0.3869047619047619 0.628095238095238 0.3830357142857143 0.6233333333333333 0.38511904761904764 0.590952380952381 0.3800595238095238 0.5847619047619048 0.3738095238095238 0.5957142857142858 0.3586309523809524 0.6071428571428571 0.3523809523809524 0.6185714285714285 0.3488095238095238 0.6185714285714285 0.3476190476190476 0.6152380952380953 0.3488095238095238 0.6071428571428571 0.3651785714285714 0.5871428571428572 0.3663690476190476 0.5657142857142857 0.3726190476190476 0.5233333333333333 0.3788690476190476 0.5152380952380953 0.3794642857142857 0.5057142857142857 0.38333333333333336 0.5019047619047619
2 0.7666666666666667 0.2661904761904762 0.7690476190476191 0.2680952380952381 0.7744047619047619 0.2985714285714286 0.7776785714285714 0.3057142857142857 0.7758928571428572 0.30666666666666664 0.7726190476190476 0.30095238095238097 0.7696428571428572 0.3057142857142857 0.7708333333333334 0.32476190476190475 0.7690476190476191 0.35095238095238096 0.7625 0.3585714285714286 0.7598214285714285 0.35333333333333333 0.7598214285714285 0.32761904761904764 0.7520833333333333 0.2957142857142857 0.7556547619047619 0.28285714285714286 0.7619047619047619 0.2757142857142857 0.7636904761904761 0.2671428571428571 0.7663690476190477 0.2661904761904762
2 0.45714285714285713 0.5276190476190477 0.45922619047619045 0.5323809523809524 0.4577380952380952 0.5438095238095239 0.4654761904761905 0.5571428571428572 0.4744047619047619 0.5985714285714285 0.4681547619047619 0.5952380952380952 0.46398809523809526 0.5761904761904761 0.4601190476190476 0.5704761904761905 0.45863095238095236 0.5723809523809524 0.45863095238095236 0.5842857142857143 0.4648809523809524 0.5947619047619047 0.4654761904761905 0.6052380952380952 0.46041666666666664 0.6261904761904762 0.4636904761904762 0.6366666666666667 0.4607142857142857 0.6385714285714286 0.45148809523809524 0.6333333333333333 0.45148809523809524 0.6295238095238095 0.4556547619047619 0.6223809523809524 0.4568452380952381 0.6085714285714285 0.4544642857142857 0.6038095238095238 0.45 0.6019047619047619 0.44702380952380955 0.6052380952380952 0.4369047619047619 0.6338095238095238 0.4318452380952381 0.6333333333333333 0.43214285714285716 0.6257142857142857 0.4407738095238095 0.6019047619047619 0.4419642857142857 0.5752380952380952 0.44166666666666665 0.56 0.4398809523809524 0.5566666666666666 0.4348214285714286 0.5561904761904762 0.43452380952380953 0.5466666666666666 0.45029761904761906 0.5419047619047619 0.45208333333333334 0.5295238095238095 0.4568452380952381 0.5276190476190477
2 0.6961309523809524 0.2885714285714286 0.6991071428571428 0.29 0.700595238095238 0.3 0.7065476190476191 0.30904761904761907 0.7077380952380953 0.32666666666666666 0.7041666666666667 0.3485714285714286 0.7098214285714286 0.3880952380952381 0.705952380952381 0.39 0.7038690476190477 0.38761904761904764 0.700595238095238 0.37952380952380954 0.6991071428571428 0.3638095238095238 0.6943452380952381 0.35714285714285715 0.6889880952380952 0.3557142857142857 0.6839285714285714 0.3380952380952381 0.6830357142857143 0.32142857142857145 0.6845238095238095 0.31333333333333335 0.6922619047619047 0.30047619047619045 0.6931547619047619 0.29285714285714287 0.6958333333333333 0.28904761904761905
2 0.6735119047619048 0.3280952380952381 0.6773809523809524 0.3385714285714286 0.6851190476190476 0.3423809523809524 0.6886904761904762 0.35523809523809524 0.6845238095238095 0.36904761904761907 0.687797619047619 0.4157142857142857 0.6869047619047619 0.4185714285714286 0.6842261904761905 0.4185714285714286 0.6824404761904762 0.4057142857142857 0.6788690476190476 0.40476190476190477 0.6782738095238096 0.4114285714285714 0.680952380952381 0.4247619047619048 0.6791666666666667 0.42952380952380953 0.674702380952381 0.4257142857142857 0.6732142857142858 0.4061904761904762 0.6639880952380952 0.36333333333333334 0.6648809523809524 0.34285714285714286 0.6681547619047619 0.3380952380952381 0.6699404761904761 0.32904761904761903 0.6732142857142858 0.3280952380952381
2 0.49315476190476193 0.8471428571428572 0.4979166666666667 0.8519047619047619 0.4961309523809524 0.8714285714285714 0.5050595238095238 0.8861904761904762 0.5095238095238095 0.9138095238095238 0.5083333333333333 0.9219047619047619 0.5041666666666667 0.9266666666666666 0.5011904761904762 0.9095238095238095 0.4994047619047619 0.9404761904761905 0.49702380952380953 0.949047619047619 0.49464285714285716 0.95 0.4773809523809524 0.9495238095238095 0.4758928571428571 0.9304761904761905 0.4738095238095238 0.9276190476190476 0.46875 0.9285714285714286 0.46726190476190477 0.9147619047619048 0.46785714285714286 0.9038095238095238 0.47291666666666665 0.8838095238095238 0.4773809523809524 0.8776190476190476 0.4869047619047619 0.8714285714285714 0.4875 0.8514285714285714 0.4928571428571429 0.8471428571428572
2 0.3392857142857143 0.42428571428571427 0.3419642857142857 0.42857142857142855 0.34226190476190477 0.4604761904761905 0.3523809523809524 0.4847619047619048 0.3488095238095238 0.48428571428571426 0.3386904761904762 0.47095238095238096 0.33630952380952384 0.4738095238095238 0.3351190476190476 0.5128571428571429 0.3223214285714286 0.5328571428571428 0.3211309523809524 0.5419047619047619 0.31279761904761905 0.5371428571428571 0.30952380952380953 0.5261904761904762 0.31666666666666665 0.5047619047619047 0.3169642857142857 0.4595238095238095 0.3244047619047619 0.44333333333333336 0.33125 0.4357142857142857 0.33422619047619045 0.42523809523809525 0.33898809523809526 0.42428571428571427
1 0.21160714285714285 0.37714285714285717 0.21458333333333332 0.38 0.21607142857142858 0.38857142857142857 0.22142857142857142 0.3976190476190476 0.225 0.4195238095238095 0.22857142857142856 0.42904761904761907 0.22916666666666666 0.4357142857142857 0.22738095238095238 0.44047619047619047 0.2226190476190476 0.430952380952381 0.2220238095238095 0.42095238095238097 0.2199404761904762 0.41904761904761906 0.21845238095238095 0.4257142857142857 0.2226190476190476 0.45095238095238094 0.22321428571428573 0.47 0.2288690476190476 0.4785714285714286 0.22380952380952382 0.48095238095238096 0.21785714285714286 0.47714285714285715 0.2154761904761905 0.4504761904761905 0.20982142857142858 0.44666666666666666 0.20357142857142857 0.4880952380952381 0.20029761904761906 0.4919047619047619 0.19791666666666666 0.490952380952381 0.1976190476190476 0.4876190476190476 0.20029761904761906 0.4780952380952381 0.20208333333333334 0.4471428571428571 0.19702380952380952 0.439047619047619 0.19613095238095238 0.41095238095238096 0.19940476190476192 0.40095238095238095 0.20625 0.3904761904761905 0.20654761904761904 0.37952380952380954 0.2113095238095238 0.37714285714285717
3 0.5279761904761905 0.24428571428571427 0.5306547619047619 0.25476190476190474 0.5348214285714286 0.2619047619047619 0.5363095238095238 0.27666666666666667 0.5330357142857143 0.2823809523809524 0.531547619047619 0.30904761904761907 0.5282738095238095 0.33095238095238094 0.5261904761904762 0.33285714285714285 0.5220238095238096 0.32857142857142857 0.5226190476190476 0.30714285714285716 0.5175595238095239 0.2885714285714286 0.5154761904761904 0.2857142857142857 0.5122023809523809 0.2919047619047619 0.5104166666666666 0.28904761904761905 0.5154761904761904 0.26142857142857145 0.5220238095238096 0.2542857142857143 0.5241071428571429 0.24428571428571427 0.5276785714285714 0.24428571428571427
3 0.9044642857142857 0.4657142857142857 0.9077380952380952 0.46904761904761905 0.9089285714285714 0.4776190476190476 0.9145833333333333 0.48857142857142855 0.9184523809523809 0.5033333333333333 0.9125 0.5457142857142857 0.9154761904761904 0.5571428571428572 0.9163690476190476 0.5833333333333334 0.9119047619047619 0.5880952380952381 0.9053571428571429 0.5852380952380952 0.9077380952380952 0.5771428571428572 0.9023809523809524 0.550952380952381 0.9020833333333333 0.5071428571428571 0.9002976190476191 0.4847619047619048 0.8973214285714286 0.4785714285714286 0.8985119047619048 0.4680952380952381 0.9041666666666667 0.4657142857142857