0 0.9354166666666667 0.8728571428571429 0.9389880952380952 0.8728571428571429 0.9360119047619048 0.8757142857142857 0.9354166666666667 0.8733333333333333
0 0.5675595238095238 0.4819047619047619 0.5788690476190477 0.49 0.5800595238095239 0.4980952380952381 0.5738095238095238 0.5004761904761905 0.5657738095238095 0.49523809523809526 0.5630952380952381 0.4876190476190476 0.5672619047619047 0.48238095238095235
2 0.7241071428571428 0.6242857142857143 0.7270833333333333 0.6271428571428571 0.7285714285714285 0.6390476190476191 0.7360119047619048 0.6476190476190476 0.743452380952381 0.67 0.7413690476190476 0.6719047619047619 0.7377976190476191 0.6666666666666666 0.7342261904761904 0.669047619047619 0.7333333333333333 0.6895238095238095 0.7294642857142857 0.7095238095238096 0.7321428571428571 0.7171428571428572 0.7395833333333334 0.7238095238095238 0.7404761904761905 0.7376190476190476 0.7375 0.7423809523809524 0.7327380952380952 0.729047619047619 0.7270833333333333 0.7271428571428571 0.7247023809523809 0.731904761904762 0.7238095238095238 0.7414285714285714 0.7208333333333333 0.7438095238095238 0.7169642857142857 0.7347619047619047 0.7202380952380952 0.7242857142857143 0.7169642857142857 0.7 0.7172619047619048 0.6785714285714286 0.7133928571428572 0.6747619047619048 0.712202380952381 0.6661904761904762 0.7133928571428572 0.6547619047619048 0.7202380952380952 0.6404761904761904 0.7205357142857143 0.6266666666666667 0.7238095238095238 0.6242857142857143
2 0.8050595238095238 0.3638095238095238 0.8142857142857143 0.38571428571428573 0.8148809523809524 0.42 0.8247023809523809 0.4219047619047619 0.8270833333333333 0.4247619047619048 0.8270833333333333 0.42857142857142855 0.8056547619047619 0.43476190476190474 0.8050595238095238 0.44904761904761903 0.8035714285714286 0.45095238095238094 0.8 0.4504761904761905 0.7967261904761904 0.4319047619047619 0.7964285714285714 0.4142857142857143 0.8 0.39714285714285713 0.7946428571428571 0.3904761904761905 0.799702380952381 0.3852380952380952 0.8011904761904762 0.36666666666666664 0.8047619047619048 0.3638095238095238
2 0.39732142857142855 0.35714285714285715 0.4011904761904762 0.38285714285714284 0.40535714285714286 0.3904761904761905 0.4035714285714286 0.39666666666666667 0.40476190476190477 0.4076190476190476 0.39940476190476193 0.42 0.40148809523809526 0.42857142857142855 0.39732142857142855 0.430952380952381 0.39285714285714285 0.42523809523809525 0.3925595238095238 0.4185714285714286 0.3964285714285714 0.4085714285714286 0.39375 0.4033333333333333 0.38452380952380955 0.4247619047619048 0.3836309523809524 0.439047619047619 0.3788690476190476 0.4328571428571429 0.3842261904761905 0.4076190476190476 0.3830357142857143 0.3952380952380952 0.37857142857142856 0.3871428571428571 0.3800595238095238 0.37714285714285717 0.3931547619047619 0.3576190476190476 0.3970238095238095 0.35714285714285715
2 0.023809523809523808 0.4573809523809524 0.019642857142857142 0.10714285714285714
2 0.9913690476190476 0.6535714285714286 0.017261904761904763 0.09952380952380953
2 0.25952380952380955 0.42714285714285716 0.2613095238095238 0.43238095238095237 0.25892857142857145 0.4471428571428571 0.24910714285714286 0.4633333333333333 0.2550595238095238 0.47619047619047616 0.256547619047619 0.48523809523809525 0.2488095238095238 0.508095238095238 0.24464285714285713 0.51 0.24226190476190476 0.5052380952380953 0.24523809523809523 0.4866666666666667 0.24107142857142858 0.48238095238095235 0.22410714285714287 0.5038095238095238 0.22113095238095237 0.5085714285714286 0.22023809523809523 0.5152380952380953 0.21696428571428572 0.5147619047619048 0.21428571428571427 0.5061904761904762 0.22857142857142856 0.4847619047619048 0.23095238095238096 0.4666666666666667 0.2392857142857143 0.44476190476190475 0.25029761904761905 0.43476190476190474 0.2544642857142857 0.4261904761904762 0.2592261904761905 0.42714285714285716
2 0.6547619047619048 0.4838095238095238 0.6645833333333333 0.4957142857142857 0.6663690476190476 0.5033333333333333 0.6666666666666666 0.5261904761904762 0.6639880952380952 0.5385714285714286 0.6708333333333333 0.5547619047619048 0.66875 0.5633333333333334 0.6651785714285714 0.5652380952380952 0.6636904761904762 0.5538095238095239 0.6547619047619048 0.5380952380952381 0.6470238095238096 0.5376190476190477 0.6354166666666666 0.5504761904761905 0.6300595238095238 0.5504761904761905 0.6282738095238095 0.5466666666666666 0.6297619047619047 0.5433333333333333 0.6372023809523809 0.5414285714285715 0.6449404761904762 0.5285714285714286 0.6520833333333333 0.5223809523809524 0.6440476190476191 0.5157142857142857 0.6508928571428572 0.5090476190476191 0.6449404761904762 0.5047619047619047 0.6443452380952381 0.5014285714285714 0.65 0.49666666666666665 0.6488095238095238 0.4861904761904762 0.6544642857142857 0.4838095238095238
2 0.9702380952380952 0.46523809523809523 0.9744047619047619 0.4695238095238095 0.9741071428571428 0.4804761904761905 0.98125 0.5009523809523809 0.9809523809523809 0.5057142857142857 0.9770833333333333 0.5119047619047619 0.9755952380952381 0.54 0.9770833333333333 0.5442857142857143 0.9836309523809523 0.5466666666666666 0.9857142857142858 0.5533333333333333 0.9842261904761904 0.5576190476190476 0.9747023809523809 0.5528571428571428 0.9702380952380952 0.5547619047619048 0.9738095238095238 0.5785714285714286 0.969047619047619 0.5804761904761905 0.9636904761904762 0.5766666666666667 0.9657738095238095 0.5671428571428572 0.9592261904761905 0.5404761904761904 0.9613095238095238 0.5185714285714286 0.9553571428571429 0.5119047619047619 0.9639880952380953 0.5014285714285714 0.9666666666666667 0.4685714285714286 0.9699404761904762 0.4657142857142857
3 0.5050595238095238 0.28476190476190477 0.5119047619047619 0.29619047619047617 0.5116071428571428 0.31047619047619046 0.5157738095238096 0.3223809523809524 0.5175595238095239 0.3419047619047619 0.5151785714285714 0.3442857142857143 0.5083333333333333 0.3238095238095238 0.5008928571428571 0.31857142857142856 0.49315476190476193 0.32571428571428573 0.4913690476190476 0.3419047619047619 0.48779761904761904 0.34476190476190477 0.48541666666666666 0.34095238095238095 0.48779761904761904 0.3233333333333333 0.4922619047619048 0.31047619047619046 0.4922619047619048 0.30047619047619045 0.5014880952380952 0.28476190476190477 0.5047619047619047 0.28476190476190477
3 0.6395833333333333 0.5580952380952381 0.6422619047619048 0.5614285714285714 0.6419642857142858 0.570952380952381 0.6479166666666667 0.5804761904761905 0.6508928571428572 0.5952380952380952 0.6485119047619048 0.6057142857142858 0.6428571428571429 0.6128571428571429 0.6410714285714286 0.6228571428571429 0.6410714285714286 0.6333333333333333 0.6470238095238096 0.6452380952380953 0.64375 0.6490476190476191 0.6404761904761904 0.6433333333333333 0.6333333333333333 0.6423809523809524 0.6300595238095238 0.6371428571428571 0.6267857142857143 0.6633333333333333 0.6232142857142857 0.6652380952380952 0.6202380952380953 0.6614285714285715 0.6220238095238095 0.6547619047619048 0.6208333333333333 0.6390476190476191 0.6267857142857143 0.6033333333333334 0.6255952380952381 0.5880952380952381 0.6282738095238095 0.5776190476190476 0.6336309523809524 0.570952380952381 0.6348214285714285 0.5604761904761905 0.6392857142857142 0.5580952380952381
1 0.27589285714285716 0.37238095238095237 0.2779761904761905 0.38 0.2708333333333333 0.41095238095238096 0.2741071428571429 0.42142857142857143 0.27232142857142855 0.4361904761904762 0.2657738095238095 0.4461904761904762 0.2654761904761905 0.4595238095238095 0.25952380952380955 0.4604761904761905 0.2544642857142857 0.45666666666666667 0.2625 0.43238095238095237 0.25833333333333336 0.4166666666666667 0.2586309523809524 0.3985714285714286 0.26964285714285713 0.37523809523809526 0.2755952380952381 0.37238095238095237
3 0.9217261904761904 0.1523809523809524 0.9297619047619048 0.16523809523809524 0.930952380952381 0.17142857142857143 0.9306547619047619 0.17904761904761904 0.9273809523809524 0.18523809523809523 0.9318452380952381 0.21571428571428572 0.9294642857142857 0.21857142857142858 0.925 0.20761904761904762 0.9154761904761904 0.2042857142857143 0.9077380952380952 0.21619047619047618 0.9041666666666667 0.21666666666666667 0.9050595238095238 0.20952380952380953 0.9119047619047619 0.19238095238095237 0.9133928571428571 0.16428571428571428 0.9184523809523809 0.15333333333333332 0.9214285714285714 0.1523809523809524