0 0.6452380952380953 0.4423809523809524 0.6443452380952381 0.44952380952380955 0.6401785714285714 0.44952380952380955 0.6389880952380952 0.4442857142857143 0.6404761904761904 0.44142857142857145 0.6449404761904762 0.4423809523809524
2 0.8244047619047619 0.3385714285714286 0.8315476190476191 0.34476190476190477 0.8336309523809524 0.370952380952381 0.8377976190476191 0.38333333333333336 0.8342261904761905 0.38666666666666666 0.8235119047619047 0.37238095238095237 0.8244047619047619 0.33904761904761904
2 0.7532738095238095 0.4423809523809524 0.7654761904761904 0.4685714285714286 0.7663690476190477 0.48857142857142855 0.7726190476190476 0.4942857142857143 0.7723214285714286 0.4980952380952381 0.7666666666666667 0.5066666666666667 0.763095238095238 0.5085714285714286 0.7598214285714285 0.5076190476190476 0.7601190476190476 0.5009523809523809 0.7550595238095238 0.49142857142857144 0.7547619047619047 0.47619047619047616 0.7511904761904762 0.4704761904761905 0.7517857142857143 0.45714285714285713 0.7491071428571429 0.44476190476190475 0.7529761904761905 0.4423809523809524
2 0.4473214285714286 0.48142857142857143 0.4532738095238095 0.5 0.4517857142857143 0.5119047619047619 0.45416666666666666 0.5533333333333333 0.4529761904761905 0.5552380952380952 0.4494047619047619 0.5552380952380952 0.4419642857142857 0.5466666666666666 0.44166666666666665 0.5304761904761904 0.4354166666666667 0.5014285714285714 0.4431547619047619 0.48333333333333334 0.44702380952380955 0.48142857142857143
2 0.4041666666666667 0.4042857142857143 0.40654761904761905 0.43 0.4044642857142857 0.43476190476190474 0.40089285714285716 0.42904761904761907 0.3970238095238095 0.42857142857142855 0.3949404761904762 0.43142857142857144 0.3952380952380952 0.4633333333333333 0.39166666666666666 0.46523809523809523 0.38898809523809524 0.4614285714285714 0.39107142857142857 0.4461904761904762 0.3904761904761905 0.42333333333333334 0.39940476190476193 0.4042857142857143 0.4038690476190476 0.4042857142857143
2 0.5479166666666667 0.6866666666666666 0.5568452380952381 0.7095238095238096 0.5583333333333333 0.7280952380952381 0.5574404761904762 0.7523809523809524 0.562797619047619 0.7647619047619048 0.562202380952381 0.7757142857142857 0.5586309523809524 0.7790476190476191 0.5541666666666667 0.7780952380952381 0.5550595238095238 0.768095238095238 0.5470238095238096 0.7595238095238095 0.5434523809523809 0.75 0.5455357142857142 0.7266666666666667 0.5428571428571428 0.7076190476190476 0.544345238095238 0.689047619047619 0.5476190476190477 0.6866666666666666
2 0.2369047619047619 0.6038095238095238 0.24166666666666667 0.6090476190476191 0.24166666666666667 0.6123809523809524 0.23809523809523808 0.6161904761904762 0.23809523809523808 0.6276190476190476 0.23511904761904762 0.6438095238095238 0.2369047619047619 0.6552380952380953 0.23511904761904762 0.6580952380952381 0.2300595238095238 0.6571428571428571 0.22648809523809524 0.650952380952381 0.22797619047619047 0.628095238095238 0.22380952380952382 0.6114285714285714 0.22321428571428573 0.5933333333333334 0.22380952380952382 0.5819047619047619 0.22827380952380952 0.5680952380952381 0.2330357142857143 0.5671428571428572 0.23422619047619048 0.599047619047619 0.23660714285714285 0.6038095238095238
2 0.5053571428571428 0.3547619047619048 0.5092261904761904 0.35904761904761906 0.5122023809523809 0.3861904761904762 0.518452380952381 0.40095238095238095 0.518452380952381 0.4042857142857143 0.5154761904761904 0.4066666666666667 0.5110119047619047 0.39904761904761904 0.5056547619047619 0.4080952380952381 0.5032738095238095 0.40714285714285714 0.5014880952380952 0.39904761904761904 0.4994047619047619 0.36666666666666664 0.5011904761904762 0.35619047619047617 0.5050595238095238 0.3547619047619048
2 0.35327380952380955 0.42714285714285716 0.3592261904761905 0.44285714285714284 0.36101190476190476 0.4795238095238095 0.3592261904761905 0.48904761904761906 0.3541666666666667 0.4876190476190476 0.3488095238095238 0.4776190476190476 0.3458333333333333 0.46523809523809523 0.3455357142857143 0.44952380952380955 0.3413690476190476 0.4504761904761905 0.33839285714285716 0.45476190476190476 0.33690476190476193 0.4533333333333333 0.3416666666666667 0.44047619047619047 0.34732142857142856 0.4361904761904762 0.35 0.4280952380952381 0.3529761904761905 0.42714285714285716
2 0.39732142857142855 0.42238095238095236 0.4050595238095238 0.43333333333333335 0.40773809523809523 0.47095238095238096 0.40773809523809523 0.4776190476190476 0.4038690476190476 0.47904761904761906 0.3943452380952381 0.4633333333333333 0.39226190476190476 0.43523809523809526 0.39732142857142855 0.4228571428571429
2 0.8592261904761904 0.43714285714285717 0.8642857142857143 0.45380952380952383 0.8654761904761905 0.48857142857142855 0.8675595238095238 0.49476190476190474 0.8663690476190476 0.5014285714285714 0.8592261904761904 0.5076190476190476 0.8550595238095238 0.5066666666666667 0.8559523809523809 0.4633333333333333 0.8535714285714285 0.4523809523809524 0.8556547619047619 0.43857142857142856 0.8589285714285714 0.43761904761904763
2 0.6508928571428572 0.5114285714285715 0.6577380952380952 0.5319047619047619 0.6556547619047619 0.5480952380952381 0.655952380952381 0.58 0.6535714285714286 0.5842857142857143 0.6413690476190477 0.5861904761904762 0.6395833333333333 0.5847619047619048 0.6419642857142858 0.5319047619047619 0.6464285714285715 0.5195238095238095 0.6467261904761905 0.5119047619047619 0.6505952380952381 0.5114285714285715
2 0.5681547619047619 0.4 0.5714285714285714 0.4076190476190476 0.5708333333333333 0.42857142857142855 0.5642857142857143 0.44476190476190475 0.5619047619047619 0.4461904761904762 0.5589285714285714 0.44285714285714284 0.5583333333333333 0.4219047619047619 0.5642857142857143 0.40285714285714286 0.5678571428571428 0.4
2 0.6375 0.3838095238095238 0.6425595238095239 0.3871428571428571 0.6473214285714286 0.3976190476190476 0.6508928571428572 0.42857142857142855 0.6476190476190476 0.4342857142857143 0.643154761904762 0.4319047619047619 0.638095238095238 0.4147619047619048 0.6348214285714285 0.39285714285714285 0.6372023809523809 0.3838095238095238
2 0.5711309523809524 0.4266666666666667 0.5696428571428571 0.3923809523809524 0.5758928571428571 0.38047619047619047 0.5791666666666667 0.3838095238095238 0.5815476190476191 0.4066666666666667 0.5886904761904762 0.43333333333333335 0.5851190476190476 0.4342857142857143 0.5833333333333334 0.4280952380952381 0.5779761904761904 0.42142857142857143 0.5714285714285714 0.4266666666666667
2 0.7491071428571429 0.37047619047619046 0.7514880952380952 0.37238095238095237 0.7538690476190476 0.38333333333333336 0.7535714285714286 0.4076190476190476 0.7583333333333333 0.4138095238095238 0.7586309523809524 0.42142857142857143 0.7553571428571428 0.4219047619047619 0.7520833333333333 0.4166666666666667 0.7479166666666667 0.4157142857142857 0.7449404761904762 0.4261904761904762 0.7419642857142857 0.4238095238095238 0.7428571428571429 0.3880952380952381 0.7440476190476191 0.3761904761904762 0.7488095238095238 0.37047619047619046
2 0.6526785714285714 0.39714285714285713 0.6580357142857143 0.4042857142857143 0.6616071428571428 0.4180952380952381 0.6625 0.4423809523809524 0.6601190476190476 0.44904761904761903 0.6523809523809524 0.4461904761904762 0.6488095238095238 0.4328571428571429 0.6491071428571429 0.4004761904761905 0.65 0.39714285714285713 0.6523809523809524 0.39714285714285713
3 0.6023809523809524 0.44857142857142857 0.6101190476190477 0.4666666666666667 0.6071428571428571 0.4938095238095238 0.6080357142857142 0.5123809523809524 0.6053571428571428 0.5157142857142857 0.6014880952380952 0.49714285714285716 0.5985119047619047 0.5 0.5955357142857143 0.5157142857142857 0.5922619047619048 0.5171428571428571 0.5964285714285714 0.4633333333333333 0.5988095238095238 0.4514285714285714 0.6020833333333333 0.44857142857142857
3 0.5125 0.30428571428571427 0.5220238095238096 0.30523809523809525 0.5238095238095238 0.3080952380952381 0.5255952380952381 0.3238095238095238 0.5282738095238095 0.32857142857142857 0.5279761904761905 0.3376190476190476 0.5235119047619048 0.3433333333333333 0.51875 0.3323809523809524 0.51875 0.32761904761904764 0.5166666666666667 0.3261904761904762 0.5172619047619048 0.33904761904761904 0.5145833333333333 0.3414285714285714 0.5119047619047619 0.3238095238095238 0.5125 0.3047619047619048