2 0.30773809523809526 0.7733333333333333 0.3175595238095238 0.8033333333333333 0.31934523809523807 0.8142857142857143 0.3181547619047619 0.8380952380952381 0.3244047619047619 0.8519047619047619 0.3244047619047619 0.8561904761904762 0.3196428571428571 0.8580952380952381 0.3148809523809524 0.8447619047619047 0.3113095238095238 0.8438095238095238 0.3092261904761905 0.8528571428571429 0.30952380952380953 0.8623809523809524 0.305952380952381 0.8647619047619047 0.30089285714285713 0.8628571428571429 0.3047619047619048 0.8542857142857143 0.30505952380952384 0.8323809523809523 0.30714285714285716 0.820952380952381 0.30416666666666664 0.79 0.30089285714285713 0.7757142857142857 0.30297619047619045 0.7723809523809524 0.3074404761904762 0.7733333333333333
2 0.8211309523809524 0.43476190476190474 0.8267857142857142 0.4471428571428571 0.8244047619047619 0.4976190476190476 0.8223214285714285 0.5019047619047619 0.8139880952380952 0.4980952380952381 0.8154761904761905 0.49238095238095236 0.8157738095238095 0.4480952380952381 0.8175595238095238 0.4357142857142857 0.8208333333333333 0.43476190476190474
2 0.5297619047619048 0.48857142857142855 0.5348214285714286 0.49857142857142855 0.5366071428571428 0.5104761904761905 0.5351190476190476 0.5338095238095238 0.5363095238095238 0.5538095238095239 0.5336309523809524 0.5576190476190476 0.5294642857142857 0.5571428571428572 0.5303571428571429 0.5452380952380952 0.5264880952380953 0.5223809523809524 0.5270833333333333 0.490952380952381 0.5294642857142857 0.48857142857142855
2 0.8663690476190476 0.810952380952381 0.8696428571428572 0.8152380952380952 0.8717261904761905 0.8314285714285714 0.8732142857142857 0.88 0.8755952380952381 0.8866666666666667 0.8735119047619048 0.89 0.8598214285714286 0.8885714285714286 0.856547619047619 0.8833333333333333 0.8607142857142858 0.8376190476190476 0.8553571428571428 0.8314285714285714 0.8553571428571428 0.8285714285714286 0.8598214285714286 0.8295238095238096 0.8616071428571429 0.8271428571428572 0.8610119047619048 0.8142857142857143 0.8660714285714286 0.810952380952381
2 0.27053571428571427 0.770952380952381 0.2735119047619048 0.7728571428571429 0.2794642857142857 0.7961904761904762 0.2761904761904762 0.8133333333333334 0.2791666666666667 0.820952380952381 0.2732142857142857 0.8238095238095238 0.27589285714285716 0.8419047619047619 0.27291666666666664 0.8438095238095238 0.2699404761904762 0.8419047619047619 0.2699404761904762 0.8376190476190476 0.2642857142857143 0.8238095238095238 0.2625 0.8071428571428572 0.25833333333333336 0.8 0.2592261904761905 0.7828571428571428 0.25595238095238093 0.7757142857142857 0.2577380952380952 0.7714285714285715 0.2702380952380952 0.770952380952381
2 0.12738095238095237 0.7757142857142857 0.13125 0.7842857142857143 0.13452380952380952 0.8038095238095239 0.1282738095238095 0.8076190476190476 0.12380952380952381 0.8180952380952381 0.12113095238095238 0.8580952380952381 0.12232142857142857 0.8666666666666667 0.12053571428571429 0.8690476190476191 0.11458333333333333 0.8661904761904762 0.11577380952380953 0.8509523809523809 0.11101190476190476 0.8423809523809523 0.11279761904761905 0.8242857142857143 0.10833333333333334 0.8147619047619048 0.10833333333333334 0.8057142857142857 0.1125 0.7919047619047619 0.12708333333333333 0.7757142857142857
2 0.4711309523809524 0.4461904761904762 0.47708333333333336 0.45904761904761904 0.4791666666666667 0.4704761904761905 0.4773809523809524 0.4895238095238095 0.4797619047619048 0.5123809523809524 0.4773809523809524 0.5161904761904762 0.4744047619047619 0.4990476190476191 0.4705357142857143 0.49238095238095236 0.4681547619047619 0.49523809523809526 0.4669642857142857 0.5142857142857142 0.46339285714285716 0.5138095238095238 0.4648809523809524 0.4614285714285714 0.46785714285714286 0.44904761904761903 0.4708333333333333 0.4461904761904762
2 0.3592261904761905 0.6638095238095238 0.3729166666666667 0.6861904761904762 0.3782738095238095 0.71 0.39017857142857143 0.7233333333333334 0.3869047619047619 0.7280952380952381 0.36964285714285716 0.7152380952380952 0.36875 0.7276190476190476 0.3669642857142857 0.729047619047619 0.36279761904761904 0.7271428571428571 0.3607142857142857 0.7066666666666667 0.3619047619047619 0.6942857142857143 0.3508928571428571 0.6895238095238095 0.3514880952380952 0.6857142857142857 0.3556547619047619 0.6819047619047619 0.35535714285714287 0.6652380952380952 0.35892857142857143 0.6638095238095238
2 0.21339285714285713 0.7147619047619047 0.225 0.7271428571428571 0.22738095238095238 0.7333333333333333 0.2288690476190476 0.7480952380952381 0.2244047619047619 0.7647619047619048 0.22529761904761905 0.7733333333333333 0.22976190476190475 0.7857142857142857 0.22738095238095238 0.7928571428571428 0.22380952380952382 0.7942857142857143 0.22232142857142856 0.7790476190476191 0.21696428571428572 0.77 0.2148809523809524 0.7733333333333333 0.21339285714285713 0.7861904761904762 0.20535714285714285 0.7866666666666666 0.20952380952380953 0.7766666666666666 0.21011904761904762 0.7623809523809524 0.21785714285714286 0.7428571428571429 0.20982142857142858 0.7238095238095238 0.21011904761904762 0.7171428571428572 0.2130952380952381 0.7152380952380952
2 0.7869047619047619 0.8395238095238096 0.7886904761904762 0.8419047619047619 0.7922619047619047 0.8661904761904762 0.7916666666666666 0.8914285714285715 0.787797619047619 0.9080952380952381 0.794345238095238 0.9219047619047619 0.7931547619047619 0.9319047619047619 0.7895833333333333 0.9361904761904762 0.7794642857142857 0.9357142857142857 0.7821428571428571 0.9247619047619048 0.7770833333333333 0.89 0.7818452380952381 0.8523809523809524 0.780952380952381 0.8419047619047619 0.7830357142857143 0.839047619047619 0.7866071428571428 0.8395238095238096
2 0.638095238095238 0.6042857142857143 0.6449404761904762 0.6257142857142857 0.6416666666666667 0.6766666666666666 0.638095238095238 0.6814285714285714 0.6336309523809524 0.679047619047619 0.6357142857142857 0.6733333333333333 0.6369047619047619 0.6385714285714286 0.6339285714285714 0.6271428571428571 0.6333333333333333 0.6128571428571429 0.6336309523809524 0.6061904761904762 0.637797619047619 0.6042857142857143
2 0.6479166666666667 0.6285714285714286 0.6520833333333333 0.6314285714285715 0.6580357142857143 0.6542857142857142 0.6550595238095238 0.6880952380952381 0.6553571428571429 0.7076190476190476 0.6544642857142857 0.7166666666666667 0.6526785714285714 0.7180952380952381 0.6491071428571429 0.7171428571428572 0.6473214285714286 0.710952380952381 0.6440476190476191 0.71 0.6446428571428572 0.6980952380952381 0.6422619047619048 0.6785714285714286 0.64375 0.6471428571428571 0.6476190476190476 0.6285714285714286
2 0.4473214285714286 0.49047619047619045 0.45625 0.5109523809523809 0.4529761904761905 0.5361904761904762 0.4529761904761905 0.5595238095238095 0.45029761904761906 0.5661904761904762 0.4479166666666667 0.5638095238095238 0.4485119047619048 0.549047619047619 0.4461309523809524 0.5419047619047619 0.444047619047619 0.5457142857142857 0.44226190476190474 0.5604761904761905 0.4392857142857143 0.5633333333333334 0.43720238095238095 0.560952380952381 0.43898809523809523 0.5566666666666666 0.43898809523809523 0.5133333333333333 0.444047619047619 0.490952380952381 0.44702380952380955 0.49047619047619045
2 0.7342261904761904 0.39380952380952383 0.736904761904762 0.39571428571428574 0.7413690476190476 0.41095238095238096 0.7389880952380953 0.4542857142857143 0.7375 0.45571428571428574 0.7342261904761904 0.44904761904761903 0.7306547619047619 0.4504761904761905 0.7279761904761904 0.4280952380952381 0.725 0.4185714285714286 0.7339285714285714 0.3942857142857143
1 0.2970238095238095 0.35523809523809524 0.30357142857142855 0.3628571428571429 0.30714285714285716 0.3585714285714286 0.3104166666666667 0.3585714285714286 0.3163690476190476 0.3738095238095238 0.3175595238095238 0.42857142857142855 0.31398809523809523 0.4261904761904762 0.3107142857142857 0.4076190476190476 0.30892857142857144 0.41095238095238096 0.30833333333333335 0.42523809523809525 0.30714285714285716 0.4276190476190476 0.3038690476190476 0.4261904761904762 0.3044642857142857 0.379047619047619 0.30357142857142855 0.37333333333333335 0.2967261904761905 0.36047619047619045 0.2967261904761905 0.35523809523809524
3 0.5434523809523809 0.5747619047619048 0.5485119047619048 0.5880952380952381 0.5502976190476191 0.5995238095238096 0.5482142857142858 0.6338095238095238 0.5461309523809523 0.6452380952380953 0.5434523809523809 0.6490476190476191 0.5410714285714285 0.6476190476190476 0.5407738095238095 0.6338095238095238 0.5375 0.6261904761904762 0.5348214285714286 0.6085714285714285 0.5363095238095238 0.5885714285714285 0.5398809523809524 0.5757142857142857 0.5431547619047619 0.5747619047619048
3 0.8294642857142858 0.20666666666666667 0.8333333333333334 0.21333333333333335 0.8345238095238096 0.24142857142857144 0.8363095238095238 0.2480952380952381 0.8321428571428572 0.25333333333333335 0.8247023809523809 0.2538095238095238 0.8235119047619047 0.21333333333333335 0.8291666666666667 0.20666666666666667
2 0.14970238095238095 0.7595238095238095 0.15416666666666667 0.7628571428571429 0.16071428571428573 0.7861904761904762 0.15982142857142856 0.79 0.15714285714285714 0.7871428571428571 0.15892857142857142 0.8057142857142857 0.15773809523809523 0.8328571428571429 0.16160714285714287 0.8352380952380952 0.16071428571428573 0.8380952380952381 0.15625 0.8404761904761905 0.1523809523809524 0.8380952380952381 0.15416666666666667 0.8133333333333334 0.14970238095238095 0.8019047619047619 0.14464285714285716 0.8080952380952381 0.14821428571428572 0.8204761904761905 0.1455357142857143 0.829047619047619 0.14226190476190476 0.83 0.14285714285714285 0.8195238095238095 0.13958333333333334 0.7995238095238095 0.14464285714285716 0.7814285714285715 0.14136904761904762 0.7771428571428571 0.13214285714285715 0.7823809523809524 0.1324404761904762 0.7766666666666666 0.1357142857142857 0.7704761904761904 0.14851190476190476 0.7661904761904762 0.14970238095238095 0.76
0 0.16339285714285715 0.7914285714285715 0.1663690476190476 0.7976190476190477 0.16428571428571428 0.8052380952380952 0.15773809523809523 0.8019047619047619 0.15833333333333333 0.7928571428571428 0.1630952380952381 0.7914285714285715