0 0.6613095238095238 0.42523809523809525 0.6622023809523809 0.4342857142857143 0.6583333333333333 0.43761904761904763 0.6550595238095238 0.4357142857142857 0.6550595238095238 0.4280952380952381 0.6610119047619047 0.42523809523809525
2 0.9425595238095238 0.4504761904761905 0.9467261904761904 0.4523809523809524 0.9476190476190476 0.4642857142857143 0.9535714285714286 0.4704761904761905 0.950595238095238 0.4804761904761905 0.9532738095238096 0.4976190476190476 0.955952380952381 0.508095238095238 0.9681547619047619 0.5276190476190477 0.9678571428571429 0.5366666666666666 0.9648809523809524 0.5366666666666666 0.9508928571428571 0.5119047619047619 0.9434523809523809 0.5052380952380953 0.9392857142857143 0.508095238095238 0.9392857142857143 0.5123809523809524 0.9434523809523809 0.5223809523809524 0.944047619047619 0.5290476190476191 0.9422619047619047 0.5328571428571428 0.9383928571428571 0.5328571428571428 0.9380952380952381 0.5223809523809524 0.9318452380952381 0.508095238095238 0.9404761904761905 0.4876190476190476 0.9336309523809524 0.4766666666666667 0.9389880952380952 0.4723809523809524 0.9407738095238095 0.4638095238095238 0.9395833333333333 0.45571428571428574 0.9422619047619047 0.45095238095238094
2 0.4217261904761905 0.6628571428571428 0.425 0.6652380952380952 0.4261904761904762 0.6742857142857143 0.43214285714285716 0.6819047619047619 0.43452380952380953 0.7252380952380952 0.43898809523809523 0.74 0.43898809523809523 0.7490476190476191 0.4357142857142857 0.7490476190476191 0.42529761904761904 0.7204761904761905 0.42142857142857143 0.7247619047619047 0.4181547619047619 0.75 0.4148809523809524 0.75 0.4133928571428571 0.7461904761904762 0.4166666666666667 0.7204761904761905 0.4142857142857143 0.7133333333333334 0.4175595238095238 0.6947619047619048 0.4166666666666667 0.6823809523809524 0.4193452380952381 0.6752380952380952 0.4193452380952381 0.6657142857142857 0.42142857142857143 0.6633333333333333
2 0.75625 0.4795238095238095 0.7654761904761904 0.5057142857142857 0.768154761904762 0.5257142857142857 0.7723214285714286 0.53 0.7741071428571429 0.5361904761904762 0.7729166666666667 0.5404761904761904 0.7660714285714286 0.5371428571428571 0.7639880952380952 0.5395238095238095 0.7660714285714286 0.5566666666666666 0.7645833333333333 0.5619047619047619 0.7571428571428571 0.5604761904761905 0.7598214285714285 0.5495238095238095 0.7535714285714286 0.5366666666666666 0.7550595238095238 0.5185714285714286 0.7443452380952381 0.5128571428571429 0.7535714285714286 0.5076190476190476 0.7514880952380952 0.4804761904761905 0.7559523809523809 0.4795238095238095
2 0.6607142857142857 0.4695238095238095 0.6672619047619047 0.4776190476190476 0.669345238095238 0.4838095238095238 0.66875 0.490952380952381 0.6657738095238095 0.49666666666666665 0.6678571428571428 0.5157142857142857 0.6833333333333333 0.5219047619047619 0.6857142857142857 0.5342857142857143 0.6785714285714286 0.5290476190476191 0.6681547619047619 0.5276190476190477 0.6571428571428571 0.5166666666666667 0.6502976190476191 0.5395238095238095 0.6479166666666667 0.5414285714285715 0.6410714285714286 0.5361904761904762 0.6473214285714286 0.5285714285714286 0.6532738095238095 0.4938095238095238 0.6511904761904762 0.48904761904761906 0.6440476190476191 0.49142857142857144 0.64375 0.4876190476190476 0.6532738095238095 0.4676190476190476 0.6526785714285714 0.4595238095238095 0.6541666666666667 0.45714285714285713 0.6577380952380952 0.4576190476190476 0.6604166666666667 0.4695238095238095
2 0.9782738095238095 0.439047619047619 0.9889880952380953 0.4633333333333333 0.9910714285714286 0.4957142857142857 0.9970238095238095 0.5085714285714286 0.9979166666666667 0.5152380952380953 0.999702380952381 0.5157142857142857 0.999702380952381 0.5219047619047619 0.9961309523809524 0.5233333333333333 0.9854166666666667 0.5147619047619048 0.9723214285714286 0.49523809523809526 0.9785714285714285 0.4757142857142857 0.9770833333333333 0.4723809523809524 0.9696428571428571 0.4719047619047619 0.968452380952381 0.4695238095238095 0.9755952380952381 0.4633333333333333 0.9717261904761905 0.43952380952380954 0.9779761904761904 0.439047619047619
2 0.49464285714285716 0.6228571428571429 0.5047619047619047 0.6309523809523809 0.5119047619047619 0.6442857142857142 0.5154761904761904 0.6576190476190477 0.5160714285714286 0.6752380952380952 0.5264880952380953 0.6857142857142857 0.5273809523809524 0.6947619047619048 0.5258928571428572 0.6961904761904761 0.5122023809523809 0.6857142857142857 0.5080357142857143 0.6752380952380952 0.5041666666666667 0.6733333333333333 0.5014880952380952 0.6771428571428572 0.49910714285714286 0.700952380952381 0.493452380952381 0.7014285714285714 0.4955357142857143 0.6757142857142857 0.49404761904761907 0.6604761904761904 0.4979166666666667 0.6514285714285715 0.49255952380952384 0.6295238095238095 0.4943452380952381 0.6233333333333333
2 0.6264880952380952 0.370952380952381 0.6351190476190476 0.39 0.6327380952380952 0.4247619047619048 0.6425595238095239 0.4423809523809524 0.6392857142857142 0.44857142857142857 0.6348214285714285 0.439047619047619 0.6261904761904762 0.43238095238095237 0.6232142857142857 0.4357142857142857 0.6238095238095238 0.45095238095238094 0.6211309523809524 0.45380952380952383 0.6160714285714286 0.4533333333333333 0.6142857142857143 0.44952380952380955 0.6172619047619048 0.4452380952380952 0.6163690476190476 0.42428571428571427 0.6214285714285714 0.4104761904761905 0.6125 0.4042857142857143 0.6193452380952381 0.3980952380952381 0.6229166666666667 0.37238095238095237 0.6261904761904762 0.370952380952381
2 0.6654761904761904 0.36238095238095236 0.6741071428571429 0.3861904761904762 0.6741071428571429 0.4114285714285714 0.6755952380952381 0.4142857142857143 0.6821428571428572 0.4157142857142857 0.6836309523809524 0.4266666666666667 0.6818452380952381 0.43 0.6785714285714286 0.42238095238095236 0.6702380952380952 0.42142857142857143 0.6645833333333333 0.4147619047619048 0.6610119047619047 0.4238095238095238 0.6619047619047619 0.4338095238095238 0.6592261904761905 0.43666666666666665 0.6550595238095238 0.43523809523809526 0.6505952380952381 0.42523809523809525 0.656547619047619 0.42 0.6630952380952381 0.40285714285714286 0.6636904761904762 0.3819047619047619 0.6604166666666667 0.36523809523809525 0.6616071428571428 0.3619047619047619 0.6651785714285714 0.36238095238095236
2 0.8032738095238096 0.4076190476190476 0.8074404761904762 0.42142857142857143 0.8065476190476191 0.44 0.8169642857142857 0.43952380952380954 0.8196428571428571 0.44571428571428573 0.8071428571428572 0.4504761904761905 0.8 0.44857142857142857 0.7955357142857142 0.4666666666666667 0.7898809523809524 0.47285714285714286 0.7860119047619047 0.47 0.7904761904761904 0.4633333333333333 0.7955357142857142 0.43857142857142856 0.7949404761904761 0.3980952380952381 0.799404761904762 0.3976190476190476 0.8029761904761905 0.4076190476190476
1 0.1130952380952381 0.38761904761904764 0.11607142857142858 0.39 0.11607142857142858 0.39571428571428574 0.11160714285714286 0.4142857142857143 0.10714285714285714 0.47285714285714286 0.10029761904761905 0.4795238095238095 0.09523809523809523 0.4780952380952381 0.09285714285714286 0.4714285714285714 0.09791666666666667 0.44904761904761903 0.09732142857142857 0.4280952380952381 0.10267857142857142 0.40476190476190477 0.11279761904761905 0.38761904761904764
3 0.22380952380952382 0.2761904761904762 0.22916666666666666 0.2895238095238095 0.23065476190476192 0.3019047619047619 0.23065476190476192 0.30714285714285716 0.22589285714285715 0.31047619047619046 0.22767857142857142 0.32047619047619047 0.2261904761904762 0.3419047619047619 0.22380952380952382 0.3442857142857143 0.22113095238095237 0.3419047619047619 0.22023809523809523 0.3238095238095238 0.21577380952380953 0.3333333333333333 0.21339285714285713 0.3466666666666667 0.21041666666666667 0.3495238095238095 0.20892857142857144 0.34714285714285714 0.2130952380952381 0.3219047619047619 0.20952380952380953 0.31047619047619046 0.20952380952380953 0.2966666666666667 0.2199404761904762 0.28285714285714286 0.22083333333333333 0.2776190476190476 0.22351190476190477 0.27666666666666667
3 0.856547619047619 0.1976190476190476 0.8592261904761904 0.19857142857142857 0.8630952380952381 0.20666666666666667 0.8630952380952381 0.2319047619047619 0.8717261904761905 0.25285714285714284 0.8717261904761905 0.2580952380952381 0.8696428571428572 0.26095238095238094 0.8672619047619048 0.25857142857142856 0.8642857142857143 0.24761904761904763 0.85625 0.23523809523809525 0.8535714285714285 0.24095238095238095 0.8517857142857143 0.2580952380952381 0.8446428571428571 0.2580952380952381 0.8443452380952381 0.25523809523809526 0.8485119047619047 0.24857142857142858 0.850297619047619 0.22714285714285715 0.8553571428571428 0.22 0.8544642857142857 0.2057142857142857 0.85625 0.1976190476190476
3 0.8910714285714286 0.5995238095238096 0.8982142857142857 0.6195238095238095 0.9029761904761905 0.6604761904761904 0.9113095238095238 0.689047619047619 0.9113095238095238 0.6938095238095238 0.9080357142857143 0.699047619047619 0.9044642857142857 0.699047619047619 0.905952380952381 0.6919047619047619 0.9035714285714286 0.6804761904761905 0.8946428571428572 0.6580952380952381 0.8898809523809523 0.6580952380952381 0.8946428571428572 0.6785714285714286 0.8907738095238096 0.6838095238095238 0.8883928571428571 0.6823809523809524 0.8883928571428571 0.6742857142857143 0.881547619047619 0.6614285714285715 0.8869047619047619 0.6361904761904762 0.8854166666666666 0.6314285714285715 0.8797619047619047 0.6257142857142857 0.8851190476190476 0.6195238095238095 0.8866071428571428 0.6123809523809524 0.8857142857142857 0.6014285714285714 0.8907738095238096 0.5995238095238096
2 0.950595238095238 0.6085714285714285 0.9541666666666667 0.6128571428571429 0.9547619047619048 0.6180952380952381 0.9613095238095238 0.6190476190476191 0.9702380952380952 0.6295238095238095 0.9699404761904762 0.6333333333333333 0.9633928571428572 0.6409523809523809 0.9681547619047619 0.6519047619047619 0.9696428571428571 0.6719047619047619 0.9758928571428571 0.6785714285714286 0.9770833333333333 0.6861904761904762 0.9827380952380952 0.6942857142857143 0.9785714285714285 0.7071428571428572 0.9708333333333333 0.7047619047619048 0.9735119047619047 0.6980952380952381 0.9726190476190476 0.6947619047619048 0.9675595238095238 0.6895238095238095 0.9619047619047619 0.6776190476190476 0.9580357142857143 0.6761904761904762 0.955952380952381 0.6666666666666666 0.9589285714285715 0.690952380952381 0.9538690476190477 0.6957142857142857 0.9491071428571428 0.6952380952380952 0.9467261904761904 0.6919047619047619 0.9491071428571428 0.6876190476190476 0.9458333333333333 0.6628571428571428 0.9508928571428571 0.6471428571428571 0.9461309523809524 0.6466666666666666 0.9416666666666667 0.64 0.9407738095238095 0.6347619047619047 0.9416666666666667 0.6304761904761905 0.9455357142857143 0.6304761904761905 0.9485119047619047 0.6214285714285714 0.9461309523809524 0.6161904761904762 0.9467261904761904 0.6114285714285714 0.950297619047619 0.6085714285714285