2 0.3943452380952381 0.5914285714285714 0.4080357142857143 0.6090476190476191 0.4083333333333333 0.6195238095238095 0.4005952380952381 0.6214285714285714 0.3991071428571429 0.6247619047619047 0.4035714285714286 0.6533333333333333 0.4023809523809524 0.6695238095238095 0.4035714285714286 0.6785714285714286 0.40089285714285716 0.6819047619047619 0.38720238095238096 0.6771428571428572 0.3854166666666667 0.6719047619047619 0.38958333333333334 0.6557142857142857 0.38392857142857145 0.6304761904761905 0.38571428571428573 0.6009523809523809 0.3892857142857143 0.5919047619047619 0.39404761904761904 0.5914285714285714
2 0.17797619047619048 0.4319047619047619 0.18333333333333332 0.43238095238095237 0.1869047619047619 0.44904761904761903 0.1869047619047619 0.4742857142857143 0.1907738095238095 0.4980952380952381 0.1863095238095238 0.5085714285714286 0.19107142857142856 0.5152380952380953 0.18958333333333333 0.5185714285714286 0.17529761904761904 0.5190476190476191 0.17113095238095238 0.5138095238095238 0.1800595238095238 0.49142857142857144 0.17113095238095238 0.4580952380952381 0.17172619047619048 0.4504761904761905 0.1761904761904762 0.4423809523809524 0.17797619047619048 0.43238095238095237
2 0.7449404761904762 0.6314285714285715 0.7526785714285714 0.6366666666666667 0.7654761904761904 0.6347619047619047 0.7660714285714286 0.6376190476190476 0.7595238095238095 0.6438095238095238 0.7613095238095238 0.65 0.7949404761904761 0.66 0.7925595238095238 0.6638095238095238 0.7770833333333333 0.6642857142857143 0.7773809523809524 0.6714285714285714 0.7723214285714286 0.6747619047619048 0.7553571428571428 0.6742857142857143 0.7482142857142857 0.6633333333333333 0.7413690476190476 0.6619047619047619 0.7398809523809524 0.6366666666666667 0.7446428571428572 0.6314285714285715
2 0.5047619047619047 0.5147619047619048 0.5074404761904762 0.5328571428571428 0.5166666666666667 0.5638095238095238 0.5113095238095238 0.5647619047619048 0.5095238095238095 0.5561904761904762 0.5074404761904762 0.5552380952380952 0.5059523809523809 0.5595238095238095 0.5071428571428571 0.5742857142857143 0.5053571428571428 0.5766666666666667 0.5023809523809524 0.5742857142857143 0.49970238095238095 0.5561904761904762 0.4919642857142857 0.5423809523809524 0.4901785714285714 0.5347619047619048 0.49107142857142855 0.5223809523809524 0.4967261904761905 0.5076190476190476 0.5014880952380952 0.5076190476190476 0.5044642857142857 0.5147619047619048
2 0.19672619047619047 0.4157142857142857 0.19940476190476192 0.42095238095238097 0.20357142857142857 0.4719047619047619 0.20297619047619048 0.4895238095238095 0.19672619047619047 0.5057142857142857 0.19375 0.5042857142857143 0.19196428571428573 0.4990476190476191 0.19464285714285715 0.4776190476190476 0.18928571428571428 0.4438095238095238 0.1931547619047619 0.4185714285714286 0.19642857142857142 0.4157142857142857
2 0.9886904761904762 0.659047619047619 0.9964285714285714 0.6823809523809524 0.9958333333333333 0.7028571428571428 0.9946428571428572 0.7114285714285714 0.9898809523809524 0.7204761904761905 0.9791666666666666 0.7552380952380953 0.9779761904761904 0.7657142857142857 0.9711309523809524 0.7614285714285715 0.9729166666666667 0.7514285714285714 0.9717261904761905 0.7490476190476191 0.9654761904761905 0.7480952380952381 0.9666666666666667 0.74 0.9732142857142857 0.7271428571428571 0.9696428571428571 0.689047619047619 0.9729166666666667 0.6785714285714286 0.9788690476190476 0.670952380952381 0.9833333333333333 0.66 0.9883928571428572 0.659047619047619
2 0.47023809523809523 0.7338095238095238 0.47291666666666665 0.7428571428571429 0.4779761904761905 0.7485714285714286 0.4797619047619048 0.7542857142857143 0.4791666666666667 0.780952380952381 0.48125 0.7928571428571428 0.47559523809523807 0.8071428571428572 0.475 0.8280952380952381 0.4767857142857143 0.8352380952380952 0.4738095238095238 0.8423809523809523 0.4714285714285714 0.8433333333333334 0.46875 0.8414285714285714 0.46130952380952384 0.7957142857142857 0.45625 0.79 0.45982142857142855 0.7504761904761905 0.46577380952380953 0.7433333333333333 0.4663690476190476 0.7342857142857143 0.4699404761904762 0.7338095238095238
2 0.12648809523809523 0.7828571428571428 0.1306547619047619 0.7861904761904762 0.13005952380952382 0.7895238095238095 0.1193452380952381 0.7895238095238095 0.11636904761904762 0.7619047619047619 0.11190476190476191 0.7571428571428571 0.10029761904761905 0.7814285714285715 0.09851190476190476 0.7928571428571428 0.09523809523809523 0.7933333333333333 0.09077380952380952 0.7833333333333333 0.10386904761904762 0.7542857142857143 0.10446428571428572 0.7138095238095238 0.10982142857142857 0.6852380952380952 0.11339285714285714 0.6823809523809524 0.11666666666666667 0.6823809523809524 0.11845238095238095 0.6857142857142857 0.11607142857142858 0.6933333333333334 0.11636904761904762 0.7061904761904761 0.11875 0.7357142857142858 0.12291666666666666 0.7576190476190476 0.12321428571428572 0.7738095238095238 0.1261904761904762 0.7828571428571428
2 0.3449404761904762 0.43714285714285717 0.3508928571428571 0.44952380952380955 0.35625 0.47 0.3517857142857143 0.4704761904761905 0.34970238095238093 0.4738095238095238 0.34970238095238093 0.4876190476190476 0.34375 0.4976190476190476 0.3419642857142857 0.52 0.33839285714285716 0.5161904761904762 0.3380952380952381 0.4938095238095238 0.3324404761904762 0.47714285714285715 0.33095238095238094 0.4552380952380952 0.3416666666666667 0.43666666666666665 0.34464285714285714 0.43714285714285717
2 0.35 0.49 0.3550595238095238 0.49857142857142855 0.35595238095238096 0.5233333333333333 0.36101190476190476 0.5433333333333333 0.3607142857142857 0.5571428571428572 0.36488095238095236 0.5638095238095238 0.36279761904761904 0.5671428571428572 0.350297619047619 0.5638095238095238 0.3508928571428571 0.5466666666666666 0.34523809523809523 0.5361904761904762 0.34077380952380953 0.5157142857142857 0.3431547619047619 0.49476190476190474 0.34970238095238093 0.49
2 0.3770833333333333 0.5414285714285715 0.38035714285714284 0.5433333333333333 0.38452380952380955 0.5742857142857143 0.3904761904761905 0.5838095238095238 0.3875 0.5985714285714285 0.3842261904761905 0.6014285714285714 0.37648809523809523 0.5995238095238096 0.36964285714285716 0.59 0.36875 0.5619047619047619 0.3744047619047619 0.5438095238095239 0.3767857142857143 0.5414285714285715
2 0.2800595238095238 0.5452380952380952 0.28273809523809523 0.5485714285714286 0.2806547619047619 0.5604761904761905 0.2824404761904762 0.5742857142857143 0.27976190476190477 0.5823809523809523 0.28214285714285714 0.6009523809523809 0.28125 0.6228571428571429 0.2833333333333333 0.628095238095238 0.28125 0.6309523809523809 0.27440476190476193 0.63 0.27291666666666664 0.61 0.2619047619047619 0.6085714285714285 0.25029761904761905 0.6004761904761905 0.2526785714285714 0.5966666666666667 0.2625 0.5976190476190476 0.2648809523809524 0.5952380952380952 0.26875 0.5623809523809524 0.274702380952381 0.5461904761904762 0.27976190476190477 0.5452380952380952
1 0.5401785714285714 0.47333333333333333 0.549702380952381 0.48142857142857143 0.5651785714285714 0.5061904761904762 0.5645833333333333 0.5119047619047619 0.5604166666666667 0.5128571428571429 0.5574404761904762 0.5023809523809524 0.5529761904761905 0.5057142857142857 0.5523809523809524 0.5119047619047619 0.5580357142857143 0.5352380952380953 0.5574404761904762 0.54 0.5553571428571429 0.5414285714285715 0.5526785714285715 0.54 0.5514880952380953 0.5261904761904762 0.5434523809523809 0.5123809523809524 0.5401785714285714 0.5185714285714286 0.5383928571428571 0.5323809523809524 0.5360119047619047 0.5352380952380953 0.5318452380952381 0.5333333333333333 0.5336309523809524 0.5252380952380953 0.5321428571428571 0.5076190476190476 0.5345238095238095 0.48904761904761906 0.5372023809523809 0.4766666666666667 0.5398809523809524 0.47333333333333333
0 0.5169642857142858 0.6671428571428571 0.5217261904761905 0.6733333333333333 0.5214285714285715 0.6804761904761905 0.5169642857142858 0.6833333333333333 0.5122023809523809 0.6823809523809524 0.5095238095238095 0.6752380952380952 0.5110119047619047 0.6676190476190477 0.5166666666666667 0.6671428571428571