2 0.7592261904761904 0.5552380952380952 0.7619047619047619 0.5571428571428572 0.7625 0.5695238095238095 0.7690476190476191 0.5776190476190476 0.7773809523809524 0.6128571428571429 0.7833333333333333 0.6409523809523809 0.7833333333333333 0.6471428571428571 0.780952380952381 0.6495238095238095 0.7779761904761905 0.6476190476190476 0.7770833333333333 0.6409523809523809 0.7705357142857143 0.628095238095238 0.7654761904761904 0.6238095238095238 0.7619047619047619 0.6233333333333333 0.762797619047619 0.64 0.7586309523809524 0.6409523809523809 0.7517857142857143 0.6166666666666667 0.7461309523809524 0.6133333333333333 0.7485119047619048 0.5814285714285714 0.7553571428571428 0.5676190476190476 0.7559523809523809 0.5576190476190476 0.7589285714285714 0.5552380952380952
2 0.9282738095238096 0.6780952380952381 0.93125 0.6723809523809524 0.9336309523809524 0.6595238095238095 0.9321428571428572 0.6438095238095238 0.9330357142857143 0.6157142857142858 0.9351190476190476 0.6109523809523809 0.9389880952380952 0.6104761904761905 0.9452380952380952 0.6395238095238095 0.9464285714285714 0.6819047619047619 0.9583333333333334 0.709047619047619 0.955952380952381 0.7171428571428572 0.9494047619047619 0.7204761904761905 0.950297619047619 0.709047619047619 0.9479166666666666 0.6995238095238095 0.9285714285714286 0.689047619047619 0.9270833333333334 0.6847619047619048 0.9282738095238096 0.6785714285714286
2 0.749702380952381 0.3647619047619048 0.7526785714285714 0.36714285714285716 0.7592261904761904 0.38333333333333336 0.7586309523809524 0.44142857142857145 0.7556547619047619 0.4461904761904762 0.7517857142857143 0.44285714285714284 0.7514880952380952 0.43047619047619046 0.7446428571428572 0.40523809523809523 0.7428571428571429 0.38952380952380955 0.736904761904762 0.38285714285714284 0.7386904761904762 0.37666666666666665 0.7494047619047619 0.3647619047619048
2 0.4630952380952381 0.5371428571428571 0.46577380952380953 0.5433333333333333 0.4625 0.5452380952380952 0.4595238095238095 0.5423809523809524 0.4583333333333333 0.5471428571428572 0.46339285714285716 0.570952380952381 0.4630952380952381 0.5923809523809523 0.4654761904761905 0.5980952380952381 0.4636904761904762 0.6019047619047619 0.45625 0.5985714285714285 0.4574404761904762 0.5928571428571429 0.45625 0.5695238095238095 0.4544642857142857 0.5647619047619048 0.44970238095238096 0.5619047619047619 0.444047619047619 0.5723809523809524 0.43898809523809523 0.5980952380952381 0.4357142857142857 0.5985714285714285 0.43452380952380953 0.5957142857142858 0.4369047619047619 0.5747619047619048 0.4407738095238095 0.5638095238095238 0.4425595238095238 0.5119047619047619 0.45089285714285715 0.5028571428571429 0.4529761904761905 0.4942857142857143 0.45803571428571427 0.4928571428571429 0.45982142857142855 0.49714285714285716 0.46130952380952384 0.52 0.46041666666666664 0.5304761904761904 0.46279761904761907 0.5371428571428571
2 0.6372023809523809 0.46095238095238095 0.6398809523809523 0.4633333333333333 0.6395833333333333 0.4738095238095238 0.643154761904762 0.48333333333333334 0.6413690476190477 0.5057142857142857 0.6470238095238096 0.5242857142857142 0.6404761904761904 0.5514285714285714 0.6345238095238095 0.5433333333333333 0.6375 0.5366666666666666 0.6386904761904761 0.5252380952380953 0.6303571428571428 0.5176190476190476 0.6258928571428571 0.5190476190476191 0.6169642857142857 0.5438095238095239 0.6139880952380953 0.5428571428571428 0.6160714285714286 0.5290476190476191 0.6208333333333333 0.5157142857142857 0.6208333333333333 0.49047619047619045 0.6241071428571429 0.48142857142857143 0.6333333333333333 0.4704761904761905 0.6336309523809524 0.4633333333333333 0.6369047619047619 0.46095238095238095
2 0.9330357142857143 0.5485714285714286 0.9357142857142857 0.55 0.9369047619047619 0.5604761904761905 0.9425595238095238 0.5676190476190476 0.9464285714285714 0.5780952380952381 0.9467261904761904 0.5847619047619048 0.9404761904761905 0.5961904761904762 0.9398809523809524 0.6104761904761905 0.9282738095238096 0.6242857142857143 0.9232142857142858 0.6542857142857142 0.9202380952380952 0.6576190476190477 0.9122023809523809 0.6542857142857142 0.9178571428571428 0.6419047619047619 0.924404761904762 0.6033333333333334 0.9226190476190477 0.5919047619047619 0.9282738095238096 0.5666666666666667 0.9291666666666667 0.550952380952381 0.9327380952380953 0.5485714285714286
2 0.5541666666666667 0.6290476190476191 0.5654761904761905 0.65 0.5651785714285714 0.6542857142857142 0.5613095238095238 0.6580952380952381 0.5625 0.6814285714285714 0.5741071428571428 0.72 0.5744047619047619 0.7238095238095238 0.5717261904761904 0.7247619047619047 0.5535714285714286 0.6928571428571428 0.5491071428571429 0.680952380952381 0.5488095238095239 0.6642857142857143 0.5502976190476191 0.660952380952381 0.5535714285714286 0.6628571428571428 0.5550595238095238 0.6604761904761904 0.5458333333333333 0.6433333333333333 0.5538690476190476 0.6290476190476191
2 0.5401785714285714 0.6233333333333333 0.5419642857142857 0.6266666666666667 0.5416666666666666 0.6371428571428571 0.5556547619047619 0.6571428571428571 0.5571428571428572 0.6628571428571428 0.55 0.6638095238095238 0.5434523809523809 0.6566666666666666 0.5407738095238095 0.6595238095238095 0.5336309523809524 0.6780952380952381 0.5291666666666667 0.7204761904761905 0.5267857142857143 0.7233333333333334 0.5217261904761905 0.72 0.5258928571428572 0.6966666666666667 0.5255952380952381 0.6904761904761905 0.5226190476190476 0.6842857142857143 0.5119047619047619 0.7028571428571428 0.5050595238095238 0.7085714285714285 0.5038690476190476 0.7061904761904761 0.5172619047619048 0.6780952380952381 0.5205357142857143 0.6595238095238095 0.5202380952380953 0.6504761904761904 0.5226190476190476 0.6438095238095238 0.5333333333333333 0.6333333333333333 0.5363095238095238 0.6242857142857143 0.5398809523809524 0.6233333333333333
2 0.6827380952380953 0.3823809523809524 0.6958333333333333 0.38666666666666666 0.7029761904761904 0.39571428571428574 0.7020833333333333 0.42904761904761907 0.6997023809523809 0.43666666666666665 0.6925595238095238 0.43523809523809526 0.6889880952380952 0.4204761904761905 0.6886904761904762 0.4023809523809524 0.6803571428571429 0.3871428571428571 0.6803571428571429 0.3838095238095238 0.6824404761904762 0.3823809523809524
1 0.3842261904761905 0.4719047619047619 0.3875 0.4738095238095238 0.38511904761904764 0.4876190476190476 0.3880952380952381 0.5214285714285715 0.39166666666666666 0.5361904761904762 0.3904761904761905 0.540952380952381 0.3869047619047619 0.540952380952381 0.3830357142857143 0.5261904761904762 0.37589285714285714 0.5395238095238095 0.37857142857142856 0.5466666666666666 0.3767857142857143 0.5504761904761905 0.36160714285714285 0.5423809523809524 0.3619047619047619 0.5361904761904762 0.3672619047619048 0.5219047619047619 0.3592261904761905 0.51 0.3586309523809524 0.5004761904761905 0.36607142857142855 0.48714285714285716 0.3794642857142857 0.4780952380952381 0.38392857142857145 0.4719047619047619
3 0.95 0.22714285714285715 0.9529761904761904 0.22952380952380952 0.9595238095238096 0.2480952380952381 0.9565476190476191 0.2638095238095238 0.9577380952380953 0.29285714285714287 0.9565476190476191 0.3 0.9541666666666667 0.30095238095238097 0.9494047619047619 0.28523809523809524 0.9389880952380952 0.2985714285714286 0.9351190476190476 0.2980952380952381 0.9404761904761905 0.2733333333333333 0.9422619047619047 0.24142857142857144 0.9497023809523809 0.22714285714285715
0 0.7663690476190477 0.44047619047619047 0.7702380952380953 0.44761904761904764 0.7678571428571429 0.45380952380952383 0.7619047619047619 0.44761904761904764 0.762797619047619 0.4423809523809524 0.7660714285714286 0.44047619047619047