0 0.20654761904761904 0.3952380952380952 0.20952380952380953 0.4004761904761905 0.20654761904761904 0.4066666666666667 0.20267857142857143 0.40095238095238095 0.20297619047619048 0.3976190476190476 0.20625 0.3952380952380952
2 0.4654761904761905 0.44095238095238093 0.46785714285714286 0.44666666666666666 0.475297619047619 0.45285714285714285 0.47886904761904764 0.4633333333333333 0.475297619047619 0.4785714285714286 0.4758928571428571 0.5119047619047619 0.4738095238095238 0.5138095238095238 0.47023809523809523 0.5119047619047619 0.4720238095238095 0.508095238095238 0.47023809523809523 0.4866666666666667 0.4663690476190476 0.49 0.46845238095238095 0.4990476190476191 0.46785714285714286 0.5066666666666667 0.46279761904761907 0.5085714285714286 0.46458333333333335 0.5014285714285714 0.4616071428571429 0.490952380952381 0.46279761904761907 0.4747619047619048 0.4607142857142857 0.4680952380952381 0.4610119047619048 0.44571428571428573 0.4625 0.44047619047619047 0.46517857142857144 0.44095238095238093
2 0 0.5876190476190476 0.00505952380952381 0.590952380952381 0.00505952380952381 0.6033333333333334 0.002380952380952381 0.6090476190476191 0.002380952380952381 0.6290476190476191 0.005357142857142857 0.6476190476190476 0.009226190476190476 0.650952380952381 0.008928571428571428 0.6547619047619048 0.004761904761904762 0.6566666666666666 0 0.6504761904761904 0 0.5880952380952381
2 0.21071428571428572 0.3423809523809524 0.22023809523809523 0.34523809523809523 0.2226190476190476 0.34904761904761905 0.21011904761904762 0.35095238095238096 0.2074404761904762 0.3738095238095238 0.20386904761904762 0.3838095238095238 0.20297619047619048 0.3976190476190476 0.19940476190476192 0.3976190476190476 0.19523809523809524 0.38333333333333336 0.19702380952380952 0.37047619047619046 0.19613095238095238 0.3514285714285714 0.20535714285714285 0.3357142857142857 0.21041666666666667 0.3423809523809524
2 0.22380952380952382 0.5338095238095238 0.22648809523809524 0.5376190476190477 0.22529761904761905 0.5433333333333333 0.22916666666666666 0.5566666666666666 0.22738095238095238 0.5647619047619048 0.23095238095238096 0.5761904761904761 0.23065476190476192 0.5828571428571429 0.22529761904761905 0.5947619047619047 0.21666666666666667 0.5966666666666667 0.21011904761904762 0.61 0.20654761904761904 0.6061904761904762 0.21666666666666667 0.5847619047619048 0.2181547619047619 0.56 0.21577380952380953 0.55 0.22351190476190477 0.5342857142857143
2 0.2017857142857143 0.49666666666666665 0.20625 0.5504761904761905 0.2011904761904762 0.5585714285714286 0.20029761904761906 0.5671428571428572 0.2017857142857143 0.570952380952381 0.19940476190476192 0.5747619047619048 0.1949404761904762 0.5728571428571428 0.19583333333333333 0.5580952380952381 0.19047619047619047 0.5533333333333333 0.19464285714285715 0.5442857142857143 0.1943452380952381 0.5119047619047619 0.1976190476190476 0.4980952380952381 0.20148809523809524 0.49666666666666665
2 0.17648809523809525 0.40095238095238095 0.1767857142857143 0.4076190476190476 0.18214285714285713 0.42142857142857143 0.18571428571428572 0.4638095238095238 0.18273809523809523 0.4657142857142857 0.18125 0.4638095238095238 0.18035714285714285 0.44904761904761903 0.17857142857142858 0.4452380952380952 0.17470238095238094 0.4480952380952381 0.16517857142857142 0.4704761904761905 0.16398809523809524 0.4623809523809524 0.17083333333333334 0.44285714285714284 0.16815476190476192 0.4138095238095238 0.17172619047619048 0.4085714285714286 0.17291666666666666 0.40190476190476193 0.1761904761904762 0.40095238095238095
2 0.24583333333333332 0.3376190476190476 0.2538690476190476 0.35714285714285715 0.2550595238095238 0.36952380952380953 0.2538690476190476 0.38047619047619047 0.25744047619047616 0.39 0.2550595238095238 0.39714285714285713 0.25148809523809523 0.3919047619047619 0.24345238095238095 0.3871428571428571 0.2467261904761905 0.37 0.24464285714285713 0.36095238095238097 0.24107142857142858 0.3576190476190476 0.2324404761904762 0.35904761904761906 0.23154761904761906 0.35619047619047617 0.23839285714285716 0.35333333333333333 0.24226190476190476 0.34523809523809523 0.24196428571428572 0.3385714285714286 0.24553571428571427 0.3376190476190476
2 0.44702380952380955 0.4766666666666667 0.45535714285714285 0.490952380952381 0.4485119047619048 0.5066666666666667 0.4505952380952381 0.5290476190476191 0.4544642857142857 0.5361904761904762 0.4461309523809524 0.5371428571428571 0.4455357142857143 0.5257142857142857 0.44226190476190474 0.5219047619047619 0.4375 0.5314285714285715 0.42916666666666664 0.539047619047619 0.4264880952380952 0.5366666666666666 0.4264880952380952 0.5328571428571428 0.43660714285714286 0.5223809523809524 0.4375 0.508095238095238 0.43452380952380953 0.4980952380952381 0.44345238095238093 0.4838095238095238 0.4446428571428571 0.47714285714285715 0.4467261904761905 0.4766666666666667
1 0.6267857142857143 0.3904761904761905 0.6404761904761904 0.4166666666666667 0.6372023809523809 0.43142857142857144 0.6369047619047619 0.44666666666666666 0.6336309523809524 0.45571428571428574 0.6303571428571428 0.45666666666666667 0.6282738095238095 0.4561904761904762 0.6300595238095238 0.45 0.6279761904761905 0.4342857142857143 0.6288690476190476 0.42095238095238097 0.6244047619047619 0.3952380952380952 0.6264880952380952 0.3904761904761905
3 0.9857142857142858 0.9095238095238095 0.9886904761904762 0.9114285714285715 0.9898809523809524 0.9204761904761904 0.9955357142857143 0.9242857142857143 0.9979166666666667 0.9328571428571428 0.999702380952381 0.9333333333333333 0.9976190476190476 0.9495238095238095 0.9946428571428572 0.950952380952381 0.9764880952380952 0.949047619047619 0.975297619047619 0.9423809523809524 0.9767857142857143 0.9328571428571428 0.9830357142857142 0.9219047619047619 0.9821428571428571 0.9114285714285715 0.9854166666666667 0.9095238095238095