2 0.8559523809523809 0.3304761904761905 0.8604166666666667 0.3380952380952381 0.8601190476190477 0.3595238095238095 0.8675595238095238 0.37666666666666665 0.8660714285714286 0.38 0.8595238095238096 0.3738095238095238 0.8559523809523809 0.37857142857142856 0.8526785714285714 0.3757142857142857 0.8497023809523809 0.3380952380952381 0.8523809523809524 0.3304761904761905 0.8556547619047619 0.3304761904761905
2 0.8491071428571428 0.43333333333333335 0.8514880952380952 0.43523809523809526 0.8544642857142857 0.4461904761904762 0.8547619047619047 0.47 0.8529761904761904 0.48428571428571426 0.8592261904761904 0.4980952380952381 0.8559523809523809 0.5 0.8520833333333333 0.4976190476190476 0.8494047619047619 0.5052380952380953 0.8455357142857143 0.5066666666666667 0.8431547619047619 0.5047619047619047 0.8431547619047619 0.49 0.8407738095238095 0.47619047619047616 0.84375 0.46714285714285714 0.8431547619047619 0.44952380952380955 0.8464285714285714 0.4357142857142857 0.8488095238095238 0.43333333333333335
2 0.22142857142857142 0.4680952380952381 0.22380952380952382 0.46904761904761905 0.23541666666666666 0.49476190476190474 0.23958333333333334 0.5133333333333333 0.24791666666666667 0.5276190476190477 0.24791666666666667 0.530952380952381 0.24523809523809523 0.5333333333333333 0.23779761904761904 0.5247619047619048 0.23422619047619048 0.5290476190476191 0.22232142857142856 0.5152380952380953 0.22380952380952382 0.49857142857142855 0.2175595238095238 0.490952380952381 0.2199404761904762 0.48 0.21875 0.4704761904761905 0.22113095238095237 0.4680952380952381
2 0.45982142857142855 0.40095238095238095 0.46339285714285716 0.4014285714285714 0.4726190476190476 0.4119047619047619 0.4773809523809524 0.44333333333333336 0.48095238095238096 0.4542857142857143 0.48035714285714287 0.4604761904761905 0.4773809523809524 0.46095238095238095 0.4738095238095238 0.4533333333333333 0.47023809523809523 0.46 0.4669642857142857 0.46190476190476193 0.46577380952380953 0.46 0.45803571428571427 0.4157142857142857 0.45982142857142855 0.4014285714285714
2 0.8666666666666667 0.7742857142857142 0.8696428571428572 0.7757142857142857 0.8714285714285714 0.789047619047619 0.8767857142857143 0.7980952380952381 0.8782738095238095 0.8280952380952381 0.875297619047619 0.8433333333333334 0.8764880952380952 0.8457142857142858 0.8836309523809524 0.8447619047619047 0.8875 0.8519047619047619 0.8872023809523809 0.8557142857142858 0.8809523809523809 0.8523809523809524 0.874702380952381 0.8557142857142858 0.8764880952380952 0.8766666666666667 0.8735119047619048 0.8809523809523809 0.8663690476190476 0.8771428571428571 0.8678571428571429 0.8671428571428571 0.8627976190476191 0.8504761904761905 0.8654761904761905 0.8238095238095238 0.8586309523809523 0.8171428571428572 0.862202380952381 0.8080952380952381 0.8625 0.7966666666666666 0.8645833333333334 0.79 0.8639880952380953 0.7761904761904762 0.8663690476190476 0.7742857142857142
2 0.1693452380952381 0.6138095238095238 0.17202380952380952 0.6204761904761905 0.1800595238095238 0.6228571428571429 0.18303571428571427 0.6266666666666667 0.18601190476190477 0.650952380952381 0.1842261904761905 0.6685714285714286 0.18958333333333333 0.6838095238095238 0.18571428571428572 0.6885714285714286 0.18214285714285713 0.6871428571428572 0.1806547619047619 0.6814285714285714 0.175 0.6747619047619048 0.17113095238095238 0.6442857142857142 0.16845238095238096 0.6409523809523809 0.16130952380952382 0.6438095238095238 0.16607142857142856 0.6261904761904762 0.16547619047619047 0.6157142857142858 0.16904761904761906 0.6138095238095238
2 0.3869047619047619 0.35523809523809524 0.39732142857142855 0.3647619047619048 0.4005952380952381 0.38571428571428573 0.40773809523809523 0.3852380952380952 0.40982142857142856 0.39 0.40535714285714286 0.39380952380952383 0.39404761904761904 0.3933333333333333 0.39285714285714285 0.4042857142857143 0.38839285714285715 0.4057142857142857 0.38839285714285715 0.37952380952380954 0.38571428571428573 0.3661904761904762 0.3869047619047619 0.3557142857142857
2 0.8348214285714286 0.4247619047619048 0.8383928571428572 0.42428571428571427 0.8407738095238095 0.42904761904761907 0.843452380952381 0.4423809523809524 0.84375 0.4614285714285714 0.8407738095238095 0.4776190476190476 0.8380952380952381 0.4780952380952381 0.8348214285714286 0.4738095238095238 0.8336309523809524 0.4461904761904762 0.8348214285714286 0.42523809523809525
2 0.5050595238095238 0.4257142857142857 0.5098214285714285 0.4276190476190476 0.5160714285714286 0.44285714285714284 0.5193452380952381 0.4623809523809524 0.5285714285714286 0.47285714285714286 0.5294642857142857 0.4766666666666667 0.5235119047619048 0.4776190476190476 0.51875 0.4828571428571429 0.5077380952380952 0.47333333333333333 0.5086309523809524 0.4561904761904762 0.5050595238095238 0.4261904761904762
2 0.5502976190476191 0.5071428571428571 0.5619047619047619 0.5257142857142857 0.5613095238095238 0.5538095238095239 0.5732142857142857 0.570952380952381 0.5711309523809524 0.5742857142857143 0.5571428571428572 0.5604761904761905 0.555952380952381 0.5685714285714286 0.5514880952380953 0.5680952380952381 0.5470238095238096 0.5366666666666666 0.5392857142857143 0.5333333333333333 0.5389880952380952 0.5290476190476191 0.5464285714285714 0.5157142857142857 0.5458333333333333 0.508095238095238 0.55 0.5071428571428571
2 0.7098214285714286 0.5095238095238095 0.7193452380952381 0.5433333333333333 0.7276785714285714 0.5604761904761905 0.7238095238095238 0.5623809523809524 0.712202380952381 0.5476190476190477 0.7092261904761905 0.5504761904761905 0.7104166666666667 0.5604761904761905 0.7083333333333334 0.5642857142857143 0.7038690476190477 0.5614285714285714 0.7011904761904761 0.5038095238095238 0.7020833333333333 0.5014285714285714 0.70625 0.5019047619047619 0.7095238095238096 0.5095238095238095
2 0.5470238095238096 0.3595238095238095 0.5502976190476191 0.3619047619047619 0.5550595238095238 0.37666666666666665 0.5550595238095238 0.3980952380952381 0.5598214285714286 0.41095238095238096 0.5598214285714286 0.4142857142857143 0.5571428571428572 0.4166666666666667 0.5532738095238096 0.4147619047619048 0.55 0.4180952380952381 0.5467261904761904 0.4180952380952381 0.5467261904761904 0.4104761904761905 0.5434523809523809 0.4004761904761905 0.54375 0.38666666666666666 0.5407738095238095 0.38047619047619047 0.5431547619047619 0.36333333333333334 0.5467261904761904 0.3595238095238095
2 0.18988095238095237 0.628095238095238 0.1931547619047619 0.6352380952380953 0.1988095238095238 0.6404761904761904 0.20297619047619048 0.6576190476190477 0.2017857142857143 0.6785714285714286 0.20476190476190476 0.6938095238095238 0.2086309523809524 0.6995238095238095 0.20773809523809525 0.7033333333333334 0.20297619047619048 0.7052380952380952 0.19940476190476192 0.7033333333333334 0.20089285714285715 0.6980952380952381 0.1880952380952381 0.6785714285714286 0.1913690476190476 0.6719047619047619 0.19196428571428573 0.660952380952381 0.18571428571428572 0.6495238095238095 0.18482142857142858 0.6419047619047619 0.18601190476190477 0.63 0.18958333333333333 0.628095238095238
2 0.8026785714285715 0.31047619047619046 0.8145833333333333 0.31047619047619046 0.8086309523809524 0.3547619047619048 0.8107142857142857 0.37333333333333335 0.8026785714285715 0.37142857142857144 0.7970238095238096 0.37523809523809526 0.7946428571428571 0.37238095238095237 0.7979166666666667 0.35904761904761906 0.7988095238095239 0.33095238095238094 0.8026785714285715 0.310952380952381
2 0.3607142857142857 0.37285714285714283 0.36964285714285716 0.38761904761904764 0.3717261904761905 0.3995238095238095 0.37648809523809523 0.4066666666666667 0.3711309523809524 0.41095238095238096 0.3723214285714286 0.42142857142857143 0.3699404761904762 0.4238095238095238 0.3663690476190476 0.42142857142857143 0.36279761904761904 0.4104761904761905 0.3625 0.4004761904761905 0.3580357142857143 0.3842857142857143 0.3580357142857143 0.3757142857142857 0.36041666666666666 0.37285714285714283
2 0.5401785714285714 0.3423809523809524 0.5452380952380952 0.3476190476190476 0.5479166666666667 0.35904761904761906 0.5431547619047619 0.36904761904761907 0.5404761904761904 0.3657142857142857 0.5380952380952381 0.3457142857142857 0.5398809523809524 0.3423809523809524
3 0.3672619047619048 0.2947619047619048 0.37529761904761905 0.30666666666666664 0.3755952380952381 0.32142857142857145 0.3800595238095238 0.33380952380952383 0.3800595238095238 0.3385714285714286 0.3770833333333333 0.3395238095238095 0.36964285714285716 0.32857142857142857 0.36547619047619045 0.33666666666666667 0.36220238095238094 0.33714285714285713 0.3601190476190476 0.33380952380952383 0.36279761904761904 0.3233333333333333 0.36666666666666664 0.31857142857142856 0.36339285714285713 0.2976190476190476 0.3669642857142857 0.2947619047619048
3 0.6336309523809524 0.4361904761904762 0.6369047619047619 0.43666666666666665 0.6440476190476191 0.44952380952380955 0.6464285714285715 0.47714285714285715 0.6505952380952381 0.49142857142857144 0.6505952380952381 0.4942857142857143 0.6470238095238096 0.49476190476190474 0.6357142857142857 0.48 0.6357142857142857 0.4661904761904762 0.6336309523809524 0.46190476190476193 0.6324404761904762 0.44952380952380955 0.6336309523809524 0.43666666666666665
0 0.30089285714285713 0.44761904761904764 0.30357142857142855 0.45380952380952383 0.3005952380952381 0.4576190476190476 0.2967261904761905 0.4542857142857143 0.29732142857142857 0.45 0.3005952380952381 0.44761904761904764