0 0.8354166666666667 0.4004761904761905 0.8398809523809524 0.4061904761904762 0.8383928571428572 0.41285714285714287 0.8357142857142857 0.4142857142857143 0.83125 0.4114285714285714 0.8315476190476191 0.4038095238095238 0.8351190476190476 0.4004761904761905
2 0.8741071428571429 0.34523809523809523 0.8848214285714285 0.3619047619047619 0.8860119047619047 0.3761904761904762 0.8755952380952381 0.3861904761904762 0.8755952380952381 0.4042857142857143 0.8723214285714286 0.4104761904761905 0.8666666666666667 0.4095238095238095 0.8633928571428572 0.4042857142857143 0.8675595238095238 0.39095238095238094 0.8690476190476191 0.3757142857142857 0.8660714285714286 0.36666666666666664 0.8610119047619048 0.3661904761904762 0.8595238095238096 0.3628571428571429 0.8660714285714286 0.36095238095238097 0.868452380952381 0.3476190476190476 0.8738095238095238 0.34523809523809523
2 0.5425595238095238 0.4061904761904762 0.5449404761904761 0.4114285714285714 0.5401785714285714 0.41619047619047617 0.5416666666666666 0.4442857142857143 0.5398809523809524 0.4695238095238095 0.5324404761904762 0.46523809523809523 0.525 0.41 0.5205357142857143 0.4 0.5226190476190476 0.38952380952380955 0.5294642857142857 0.38 0.530952380952381 0.3719047619047619 0.5363095238095238 0.37 0.5369047619047619 0.3819047619047619 0.5422619047619047 0.4061904761904762
2 0.718452380952381 0.4719047619047619 0.7199404761904762 0.4742857142857143 0.7217261904761905 0.5085714285714286 0.7273809523809524 0.5195238095238095 0.7270833333333333 0.5228571428571429 0.7205357142857143 0.5233333333333333 0.7220238095238095 0.5676190476190476 0.7270833333333333 0.5776190476190476 0.7211309523809524 0.5819047619047619 0.718452380952381 0.58 0.7154761904761905 0.5504761904761905 0.7133928571428572 0.5461904761904762 0.7098214285714286 0.5471428571428572 0.700595238095238 0.5719047619047619 0.6994047619047619 0.5814285714285714 0.6961309523809524 0.5819047619047619 0.6946428571428571 0.5785714285714286 0.6952380952380952 0.570952380952381 0.7035714285714286 0.5480952380952381 0.7032738095238096 0.5361904761904762 0.705952380952381 0.5204761904761904 0.705952380952381 0.5114285714285715 0.7029761904761904 0.5023809523809524 0.7041666666666667 0.49476190476190474 0.712202380952381 0.4828571428571429 0.7139880952380953 0.4742857142857143 0.7181547619047619 0.4719047619047619
2 0.28660714285714284 0.3395238095238095 0.28809523809523807 0.3414285714285714 0.28660714285714284 0.3823809523809524 0.2898809523809524 0.39285714285714285 0.29077380952380955 0.4076190476190476 0.28273809523809523 0.4238095238095238 0.2830357142857143 0.4357142857142857 0.28154761904761905 0.43714285714285717 0.27589285714285716 0.43238095238095237 0.274702380952381 0.4257142857142857 0.2818452380952381 0.4080952380952381 0.27767857142857144 0.39571428571428574 0.27589285714285716 0.36142857142857143 0.2818452380952381 0.3419047619047619 0.2863095238095238 0.3395238095238095
2 0.8836309523809524 0.3780952380952381 0.89375 0.39 0.8949404761904762 0.39714285714285713 0.8952380952380953 0.42523809523809525 0.8886904761904761 0.4357142857142857 0.8904761904761904 0.4542857142857143 0.887797619047619 0.45714285714285713 0.8809523809523809 0.45571428571428574 0.88125 0.44952380952380955 0.8761904761904762 0.4361904761904762 0.874702380952381 0.4185714285714286 0.874702380952381 0.38666666666666666 0.8788690476190476 0.38 0.8833333333333333 0.3780952380952381
2 0.26339285714285715 0.37952380952380954 0.2654761904761905 0.38333333333333336 0.26607142857142857 0.4114285714285714 0.2693452380952381 0.42238095238095236 0.26607142857142857 0.43 0.26726190476190476 0.45 0.25892857142857145 0.4847619047619048 0.2532738095238095 0.4785714285714286 0.25625 0.4504761904761905 0.2526785714285714 0.4219047619047619 0.2494047619047619 0.41523809523809524 0.2494047619047619 0.41 0.2523809523809524 0.3976190476190476 0.2571428571428571 0.39095238095238094 0.25833333333333336 0.38285714285714284 0.2630952380952381 0.37952380952380954
2 0.3461309523809524 0.3619047619047619 0.3488095238095238 0.36523809523809525 0.34910714285714284 0.37285714285714283 0.3416666666666667 0.3976190476190476 0.34345238095238095 0.4219047619047619 0.3375 0.4357142857142857 0.3375 0.4461904761904762 0.3357142857142857 0.44904761904761903 0.33095238095238094 0.44761904761904764 0.3294642857142857 0.4438095238095238 0.33125 0.43142857142857144 0.33125 0.42142857142857143 0.32916666666666666 0.41523809523809524 0.3294642857142857 0.3976190476190476 0.33541666666666664 0.37666666666666665 0.3458333333333333 0.3619047619047619
2 0.2630952380952381 0.5214285714285715 0.2654761904761905 0.5257142857142857 0.2642857142857143 0.5338095238095238 0.26904761904761904 0.5419047619047619 0.2755952380952381 0.5738095238095238 0.27232142857142855 0.5795238095238096 0.27232142857142855 0.5933333333333334 0.27291666666666664 0.6071428571428571 0.2773809523809524 0.6309523809523809 0.2761904761904762 0.6419047619047619 0.2720238095238095 0.6404761904761904 0.2693452380952381 0.6233333333333333 0.2654761904761905 0.6142857142857143 0.26279761904761906 0.6195238095238095 0.2630952380952381 0.6242857142857143 0.26607142857142857 0.6276190476190476 0.2654761904761905 0.6314285714285715 0.2586309523809524 0.6333333333333333 0.25535714285714284 0.63 0.25833333333333336 0.6195238095238095 0.2556547619047619 0.6171428571428571 0.2517857142857143 0.6195238095238095 0.24494047619047618 0.6342857142857142 0.24107142857142858 0.6338095238095238 0.23660714285714285 0.6276190476190476 0.24375 0.6190476190476191 0.2511904761904762 0.590952380952381 0.2494047619047619 0.5542857142857143 0.2505952380952381 0.5433333333333333 0.25744047619047616 0.5257142857142857 0.26279761904761906 0.5214285714285715
3 0.47767857142857145 0.48238095238095235 0.4806547619047619 0.4847619047619048 0.48273809523809524 0.518095238095238 0.4869047619047619 0.5257142857142857 0.48125 0.5319047619047619 0.48333333333333334 0.560952380952381 0.4806547619047619 0.58 0.47767857142857145 0.5833333333333334 0.47291666666666665 0.579047619047619 0.475 0.5661904761904762 0.4738095238095238 0.5580952380952381 0.4699404761904762 0.5604761904761905 0.46339285714285716 0.5566666666666666 0.45982142857142855 0.5647619047619048 0.45654761904761904 0.5666666666666667 0.45595238095238094 0.5647619047619048 0.45863095238095236 0.550952380952381 0.4648809523809524 0.5452380952380952 0.4663690476190476 0.5376190476190477 0.4663690476190476 0.5242857142857142 0.46130952380952384 0.5152380952380953 0.46130952380952384 0.5095238095238095 0.4669642857142857 0.49714285714285716 0.4726190476190476 0.49142857142857144 0.47410714285714284 0.4847619047619048 0.4773809523809524 0.48238095238095235
3 0.319047619047619 0.26285714285714284 0.3211309523809524 0.2652380952380952 0.3211309523809524 0.2795238095238095 0.3181547619047619 0.2904761904761905 0.32142857142857145 0.310952380952381 0.3175595238095238 0.3342857142857143 0.30714285714285716 0.33380952380952383 0.30565476190476193 0.3314285714285714 0.30714285714285716 0.3061904761904762 0.30297619047619045 0.29904761904761906 0.3011904761904762 0.2876190476190476 0.3092261904761905 0.2719047619047619 0.31875 0.26285714285714284
3 0.7229166666666667 0.16523809523809524 0.7306547619047619 0.18666666666666668 0.7273809523809524 0.20285714285714285 0.7279761904761904 0.22857142857142856 0.7273809523809524 0.2342857142857143 0.7169642857142857 0.23523809523809525 0.7166666666666667 0.1980952380952381 0.7113095238095238 0.18523809523809523 0.7172619047619048 0.1680952380952381 0.7199404761904762 0.16428571428571428 0.7226190476190476 0.16523809523809524
1 0.17857142857142858 0.35714285714285715 0.17976190476190476 0.3638095238095238 0.17648809523809525 0.37285714285714283 0.17648809523809525 0.38333333333333336 0.1869047619047619 0.39285714285714285 0.1880952380952381 0.39714285714285713 0.18541666666666667 0.3995238095238095 0.17589285714285716 0.38857142857142857 0.17113095238095238 0.39380952380952383 0.17142857142857143 0.3995238095238095 0.17797619047619048 0.4114285714285714 0.1767857142857143 0.42904761904761907 0.18095238095238095 0.43857142857142856 0.17946428571428572 0.44095238095238093 0.16964285714285715 0.439047619047619 0.17172619047619048 0.4257142857142857 0.17083333333333334 0.4204761904761905 0.16071428571428573 0.4228571428571429 0.15803571428571428 0.42714285714285716 0.1568452380952381 0.4219047619047619 0.1636904761904762 0.4114285714285714 0.15863095238095237 0.3995238095238095 0.16130952380952382 0.38047619047619047 0.17083333333333334 0.3657142857142857 0.17261904761904762 0.3580952380952381 0.17827380952380953 0.35714285714285715