0 0.6544642857142857 0.5438095238095239 0.6544642857142857 0.5366666666666666 0.6586309523809524 0.5333333333333333 0.6636904761904762 0.5342857142857143 0.6645833333333333 0.5419047619047619 0.6598214285714286 0.5457142857142857 0.6547619047619048 0.5438095238095239
2 0.569047619047619 0.42523809523809525 0.5723214285714285 0.4280952380952381 0.575 0.4380952380952381 0.5779761904761904 0.47904761904761906 0.5711309523809524 0.5052380952380953 0.5675595238095238 0.5090476190476191 0.5613095238095238 0.47904761904761906 0.5619047619047619 0.46476190476190476 0.5595238095238095 0.4452380952380952 0.5648809523809524 0.42857142857142855 0.56875 0.42523809523809525
2 0.4919642857142857 0.48904761904761906 0.4994047619047619 0.5552380952380952 0.4982142857142857 0.5757142857142857 0.49404761904761907 0.5752380952380952 0.49107142857142855 0.570952380952381 0.4901785714285714 0.5576190476190476 0.48779761904761904 0.5533333333333333 0.47470238095238093 0.5571428571428572 0.4693452380952381 0.5571428571428572 0.4666666666666667 0.5538095238095239 0.47023809523809523 0.5485714285714286 0.4797619047619048 0.5447619047619048 0.48095238095238096 0.5076190476190476 0.48660714285714285 0.490952380952381 0.49166666666666664 0.48904761904761906
2 0.3279761904761905 0.4419047619047619 0.33839285714285716 0.46 0.3366071428571429 0.47523809523809524 0.3366071428571429 0.5123809523809524 0.3300595238095238 0.5133333333333333 0.3244047619047619 0.5085714285714286 0.3255952380952381 0.4942857142857143 0.3196428571428571 0.4776190476190476 0.3202380952380952 0.45476190476190476 0.32767857142857143 0.4423809523809524
2 0.31607142857142856 0.33476190476190476 0.319047619047619 0.3404761904761905 0.319047619047619 0.36238095238095236 0.3142857142857143 0.39 0.31160714285714286 0.3919047619047619 0.3068452380952381 0.3914285714285714 0.30089285714285713 0.37952380952380954 0.30654761904761907 0.36523809523809525 0.3068452380952381 0.3419047619047619 0.3101190476190476 0.33714285714285713 0.3157738095238095 0.33476190476190476
2 0.6139880952380953 0.6352380952380953 0.6196428571428572 0.6476190476190476 0.6199404761904762 0.6542857142857142 0.6163690476190476 0.6747619047619048 0.6145833333333334 0.72 0.6098214285714286 0.7233333333333334 0.6044642857142857 0.7204761904761905 0.6056547619047619 0.7095238095238096 0.6032738095238095 0.7023809523809523 0.5982142857142857 0.7019047619047619 0.5919642857142857 0.7080952380952381 0.5889880952380953 0.7066666666666667 0.5886904761904762 0.7028571428571428 0.5919642857142857 0.6923809523809524 0.5994047619047619 0.6895238095238095 0.6011904761904762 0.6542857142857142 0.6038690476190476 0.6438095238095238 0.6089285714285714 0.6361904761904762 0.6136904761904762 0.6352380952380953
2 0.3770833333333333 0.5547619047619048 0.3806547619047619 0.5576190476190476 0.37976190476190474 0.5676190476190476 0.38184523809523807 0.5880952380952381 0.3892857142857143 0.6171428571428571 0.39345238095238094 0.6242857142857143 0.39107142857142857 0.628095238095238 0.3854166666666667 0.6271428571428571 0.3770833333333333 0.6104761904761905 0.3663690476190476 0.6247619047619047 0.3619047619047619 0.621904761904762 0.36279761904761904 0.6128571428571429 0.36815476190476193 0.6023809523809524 0.3678571428571429 0.5914285714285714 0.3657738095238095 0.5847619047619048 0.35892857142857143 0.5771428571428572 0.3639880952380952 0.5733333333333334 0.3699404761904762 0.5595238095238095 0.3767857142857143 0.5547619047619048
2 0.524702380952381 0.5376190476190477 0.5291666666666667 0.5623809523809524 0.5232142857142857 0.58 0.5151785714285714 0.5904761904761905 0.5145833333333333 0.6009523809523809 0.5125 0.6057142857142858 0.5023809523809524 0.5961904761904762 0.5029761904761905 0.5823809523809523 0.5077380952380952 0.5676190476190476 0.5080357142857143 0.5533333333333333 0.5190476190476191 0.5380952380952381 0.5244047619047619 0.5376190476190477
2 0.33630952380952384 0.40190476190476193 0.34017857142857144 0.40476190476190477 0.34404761904761905 0.4257142857142857 0.34375 0.44476190476190475 0.33839285714285716 0.4614285714285714 0.3294642857142857 0.4461904761904762 0.3273809523809524 0.42857142857142855 0.3279761904761905 0.4180952380952381 0.3327380952380952 0.4042857142857143 0.3360119047619048 0.40190476190476193
2 0.38035714285714284 0.49666666666666665 0.38333333333333336 0.4976190476190476 0.38452380952380955 0.5014285714285714 0.3806547619047619 0.5314285714285715 0.381547619047619 0.5528571428571428 0.3794642857142857 0.5566666666666666 0.3699404761904762 0.5614285714285714 0.36755952380952384 0.5566666666666666 0.3669642857142857 0.5385714285714286 0.37142857142857144 0.5152380952380953 0.37648809523809523 0.49952380952380954 0.3800595238095238 0.49666666666666665
2 0.5607142857142857 0.4795238095238095 0.5651785714285714 0.49333333333333335 0.5678571428571428 0.5347619047619048 0.5645833333333333 0.5561904761904762 0.5663690476190476 0.5647619047619048 0.5610119047619048 0.5676190476190476 0.555952380952381 0.5633333333333334 0.5556547619047619 0.5333333333333333 0.55 0.5190476190476191 0.5485119047619048 0.5004761904761905 0.5485119047619048 0.4942857142857143 0.5529761904761905 0.48333333333333334 0.5604166666666667 0.4795238095238095
2 0.15863095238095237 0.5395238095238095 0.15773809523809523 0.5338095238095238 0.1625 0.520952380952381 0.15982142857142856 0.4838095238095238 0.17113095238095238 0.46285714285714286 0.17589285714285716 0.46523809523809523 0.17827380952380953 0.490952380952381 0.17410714285714285 0.4990476190476191 0.17142857142857143 0.5395238095238095 0.16875 0.5423809523809524 0.15892857142857142 0.5395238095238095
2 0.45 0.5285714285714286 0.4529761904761905 0.5295238095238095 0.45863095238095236 0.55 0.45654761904761904 0.5633333333333334 0.4574404761904762 0.5742857142857143 0.46458333333333335 0.5957142857142858 0.46130952380952384 0.6 0.45654761904761904 0.6 0.4568452380952381 0.5914285714285714 0.45029761904761906 0.580952380952381 0.4473214285714286 0.580952380952381 0.444047619047619 0.5885714285714285 0.4425595238095238 0.6019047619047619 0.4392857142857143 0.6042857142857143 0.4354166666666667 0.6023809523809524 0.4386904761904762 0.579047619047619 0.4386904761904762 0.560952380952381 0.43720238095238095 0.5552380952380952 0.43273809523809526 0.55 0.44970238095238096 0.5285714285714286
2 0.5014880952380952 0.4123809523809524 0.5026785714285714 0.4442857142857143 0.4988095238095238 0.4504761904761905 0.4949404761904762 0.4685714285714286 0.48839285714285713 0.4776190476190476 0.48392857142857143 0.4738095238095238 0.4863095238095238 0.4561904761904762 0.48392857142857143 0.4423809523809524 0.4880952380952381 0.42857142857142855 0.49464285714285716 0.41619047619047617 0.5011904761904762 0.4123809523809524
3 0.14077380952380952 0.49142857142857144 0.14375 0.49476190476190474 0.1455357142857143 0.5142857142857142 0.14375 0.5352380952380953 0.15029761904761904 0.5695238095238095 0.15357142857142858 0.5742857142857143 0.15267857142857144 0.5785714285714286 0.14851190476190476 0.5804761904761905 0.14375 0.5771428571428572 0.13720238095238096 0.5571428571428572 0.13363095238095238 0.5566666666666666 0.11666666666666667 0.5676190476190476 0.11398809523809524 0.5647619047619048 0.11636904761904762 0.5566666666666666 0.1288690476190476 0.5480952380952381 0.13035714285714287 0.5285714285714286 0.12767857142857142 0.5085714285714286 0.13392857142857142 0.5009523809523809 0.1363095238095238 0.4942857142857143 0.14047619047619048 0.49142857142857144
1 0.8598214285714286 0.4419047619047619 0.8663690476190476 0.4461904761904762 0.8735119047619048 0.45714285714285713 0.875 0.47 0.8738095238095238 0.48142857142857143 0.8803571428571428 0.5014285714285714 0.8744047619047619 0.5061904761904762 0.8711309523809524 0.5052380952380953 0.8693452380952381 0.49714285714285716 0.8592261904761904 0.48095238095238096 0.8574404761904761 0.4928571428571429 0.8488095238095238 0.4942857142857143 0.8470238095238095 0.49142857142857144 0.8523809523809524 0.44666666666666666 0.8553571428571428 0.44142857142857145 0.8595238095238096 0.4419047619047619