0 0.45357142857142857 0.4533333333333333 0.45535714285714285 0.4595238095238095 0.4529761904761905 0.4642857142857143 0.4485119047619048 0.4633333333333333 0.4473214285714286 0.45714285714285713 0.4494047619047619 0.4533333333333333 0.4532738095238095 0.4533333333333333
2 0.45 0.3576190476190476 0.45148809523809524 0.36333333333333334 0.44761904761904764 0.37047619047619046 0.4455357142857143 0.38333333333333336 0.44761904761904764 0.39476190476190476 0.44226190476190474 0.41285714285714287 0.4392857142857143 0.41523809523809524 0.4363095238095238 0.41095238095238096 0.4413690476190476 0.3976190476190476 0.4395833333333333 0.39285714285714285 0.4217261904761905 0.4095238095238095 0.41904761904761906 0.4038095238095238 0.4217261904761905 0.39904761904761904 0.4303571428571429 0.39571428571428574 0.4348214285714286 0.37523809523809526 0.44047619047619047 0.3657142857142857 0.44970238095238096 0.3576190476190476
2 0.10416666666666667 0.4666666666666667 0.10922619047619048 0.4666666666666667 0.10922619047619048 0.47714285714285715 0.11369047619047619 0.4838095238095238 0.11398809523809524 0.4876190476190476 0.10982142857142857 0.4942857142857143 0.10952380952380952 0.5 0.11458333333333333 0.530952380952381 0.11964285714285715 0.54 0.11160714285714286 0.5428571428571428 0.10803571428571429 0.520952380952381 0.10595238095238095 0.5176190476190476 0.0988095238095238 0.5280952380952381 0.09047619047619047 0.5328571428571428 0.08839285714285715 0.54 0.08511904761904762 0.5385714285714286 0.08422619047619048 0.5338095238095238 0.09732142857142857 0.5185714285714286 0.1 0.4980952380952381 0.09672619047619048 0.4876190476190476 0.10416666666666667 0.46714285714285714
2 0.21726190476190477 0.3819047619047619 0.2199404761904762 0.38476190476190475 0.21964285714285714 0.4042857142857143 0.21726190476190477 0.4176190476190476 0.21875 0.4319047619047619 0.21726190476190477 0.43761904761904763 0.21785714285714286 0.45 0.21428571428571427 0.45285714285714285 0.20892857142857144 0.45 0.20922619047619048 0.4438095238095238 0.20714285714285716 0.44 0.20297619047619048 0.44142857142857145 0.20267857142857143 0.43523809523809526 0.20297619047619048 0.4319047619047619 0.20773809523809525 0.4280952380952381 0.2074404761904762 0.4142857142857143 0.20982142857142858 0.39904761904761904 0.21398809523809523 0.3842857142857143 0.21696428571428572 0.3819047619047619
2 0.3800595238095238 0.3842857142857143 0.3800595238095238 0.41523809523809524 0.3732142857142857 0.42333333333333334 0.3732142857142857 0.4357142857142857 0.37023809523809526 0.43761904761904763 0.3672619047619048 0.43523809523809526 0.3669642857142857 0.4319047619047619 0.3663690476190476 0.4138095238095238 0.368452380952381 0.3942857142857143 0.36964285714285716 0.38952380952380955 0.37529761904761905 0.3838095238095238 0.37976190476190474 0.3842857142857143
2 0.6029761904761904 0.5552380952380952 0.6047619047619047 0.5571428571428572 0.6077380952380952 0.5780952380952381 0.6044642857142857 0.5938095238095238 0.6035714285714285 0.6180952380952381 0.606845238095238 0.6266666666666667 0.6041666666666666 0.6285714285714286 0.5997023809523809 0.6261904761904762 0.5988095238095238 0.6128571428571429 0.5770833333333333 0.6128571428571429 0.5791666666666667 0.6052380952380952 0.5907738095238095 0.6047619047619047 0.593452380952381 0.570952380952381 0.6026785714285714 0.5552380952380952
2 0.5372023809523809 0.6133333333333333 0.5386904761904762 0.6176190476190476 0.5354166666666667 0.6295238095238095 0.5327380952380952 0.6528571428571428 0.5354166666666667 0.6680952380952381 0.5354166666666667 0.6828571428571428 0.5389880952380952 0.689047619047619 0.5363095238095238 0.6942857142857143 0.5282738095238095 0.6919047619047619 0.5291666666666667 0.6714285714285714 0.5258928571428572 0.6704761904761904 0.5223214285714286 0.6752380952380952 0.5116071428571428 0.6728571428571428 0.5050595238095238 0.6776190476190476 0.5029761904761905 0.6747619047619048 0.5068452380952381 0.6642857142857143 0.5136904761904761 0.6666666666666666 0.5196428571428572 0.6633333333333333 0.5258928571428572 0.63 0.53125 0.621904761904762 0.5330357142857143 0.6133333333333333 0.5369047619047619 0.6133333333333333
2 0.40089285714285716 0.3976190476190476 0.4056547619047619 0.4138095238095238 0.3991071428571429 0.43523809523809526 0.399702380952381 0.4504761904761905 0.40208333333333335 0.4561904761904762 0.40089285714285716 0.4585714285714286 0.39404761904761904 0.45666666666666667 0.3943452380952381 0.44571428571428573 0.3904761904761905 0.43714285714285717 0.3800595238095238 0.4423809523809524 0.38244047619047616 0.43523809523809526 0.3886904761904762 0.43238095238095237 0.3904761904761905 0.4147619047619048 0.4005952380952381 0.3976190476190476
2 0.43720238095238095 0.33476190476190476 0.43660714285714286 0.34476190476190477 0.43898809523809523 0.3523809523809524 0.4294642857142857 0.35428571428571426 0.43005952380952384 0.37285714285714283 0.4217261904761905 0.38095238095238093 0.4181547619047619 0.38 0.41160714285714284 0.3838095238095238 0.4086309523809524 0.38 0.4175595238095238 0.3680952380952381 0.4211309523809524 0.34523809523809523 0.42678571428571427 0.3385714285714286 0.4369047619047619 0.33476190476190476
2 0.2726190476190476 0.42523809523809525 0.2726190476190476 0.4576190476190476 0.27589285714285716 0.46523809523809523 0.2785714285714286 0.48333333333333334 0.2836309523809524 0.4876190476190476 0.28273809523809523 0.49142857142857144 0.27976190476190477 0.49238095238095236 0.275 0.4880952380952381 0.2726190476190476 0.46904761904761905 0.26875 0.4685714285714286 0.2625 0.47523809523809524 0.2586309523809524 0.47523809523809524 0.2488095238095238 0.4666666666666667 0.2511904761904762 0.4638095238095238 0.25833333333333336 0.4666666666666667 0.2613095238095238 0.46476190476190476 0.26458333333333334 0.4357142857142857 0.26904761904761904 0.4261904761904762 0.27232142857142855 0.42523809523809525
2 0.16964285714285715 0.5252380952380953 0.17172619047619048 0.5271428571428571 0.16904761904761906 0.5566666666666666 0.17083333333333334 0.5680952380952381 0.1619047619047619 0.580952380952381 0.15863095238095237 0.5919047619047619 0.15446428571428572 0.590952380952381 0.15833333333333333 0.5504761904761905 0.16130952380952382 0.5376190476190477 0.1693452380952381 0.5252380952380953
3 0.07857142857142857 0.4876190476190476 0.07976190476190476 0.49333333333333335 0.07797619047619048 0.5152380952380953 0.08273809523809524 0.52 0.07589285714285714 0.5257142857142857 0.0744047619047619 0.5580952380952381 0.0693452380952381 0.5571428571428572 0.0681547619047619 0.5395238095238095 0.05714285714285714 0.540952380952381 0.05714285714285714 0.5366666666666666 0.06517857142857143 0.5290476190476191 0.06517857142857143 0.5152380952380953 0.06785714285714285 0.5028571428571429 0.0744047619047619 0.48904761904761906 0.07827380952380952 0.4876190476190476
3 0 0.15333333333333332 0.004464285714285714 0.14952380952380953 0.007738095238095238 0.15142857142857144 0.00744047619047619 0.17523809523809525 0.015773809523809523 0.1976190476190476 0.012202380952380952 0.1980952380952381 0.00744047619047619 0.19 0 0.1838095238095238 0 0.1538095238095238