2 0.4357142857142857 0.38904761904761903 0.44226190476190474 0.39666666666666667 0.44047619047619047 0.41285714285714287 0.4461309523809524 0.4319047619047619 0.44434523809523807 0.4504761904761905 0.4467261904761905 0.4576190476190476 0.43898809523809523 0.4585714285714286 0.4392857142857143 0.44047619047619047 0.4357142857142857 0.4342857142857143 0.42857142857142855 0.4361904761904762 0.425 0.44857142857142857 0.4217261904761905 0.4519047619047619 0.4205357142857143 0.45 0.42410714285714285 0.4280952380952381 0.42529761904761904 0.3985714285714286 0.4354166666666667 0.38952380952380955
2 0.22738095238095238 0.44 0.23660714285714285 0.46 0.23660714285714285 0.4942857142857143 0.23958333333333334 0.5095238095238095 0.2357142857142857 0.51 0.23095238095238096 0.49952380952380954 0.22678571428571428 0.49666666666666665 0.2199404761904762 0.5142857142857142 0.21666666666666667 0.5157142857142857 0.21160714285714285 0.5114285714285715 0.2113095238095238 0.5085714285714286 0.21607142857142858 0.5009523809523809 0.21904761904761905 0.4847619047619048 0.22023809523809523 0.45714285714285713 0.22351190476190477 0.45095238095238094 0.225 0.4419047619047619 0.22708333333333333 0.44047619047619047
2 0.5369047619047619 0.30095238095238097 0.5395833333333333 0.30714285714285716 0.5363095238095238 0.3142857142857143 0.5333333333333333 0.3314285714285714 0.5369047619047619 0.3519047619047619 0.530952380952381 0.36952380952380953 0.5270833333333333 0.37285714285714283 0.5223214285714286 0.37285714285714283 0.5193452380952381 0.36952380952380953 0.525 0.3523809523809524 0.5226190476190476 0.3442857142857143 0.5223214285714286 0.32666666666666666 0.5255952380952381 0.31476190476190474 0.5327380952380952 0.30238095238095236 0.5366071428571428 0.30095238095238097
2 0.40773809523809523 0.36666666666666664 0.4107142857142857 0.36952380952380953 0.4095238095238095 0.38047619047619047 0.41220238095238093 0.39 0.412797619047619 0.43666666666666665 0.4089285714285714 0.45095238095238094 0.40922619047619047 0.46 0.4029761904761905 0.46 0.4011904761904762 0.45666666666666667 0.4023809523809524 0.44904761904761903 0.3970238095238095 0.44761904761904764 0.3952380952380952 0.44333333333333336 0.3976190476190476 0.42857142857142855 0.3976190476190476 0.3861904761904762 0.4023809523809524 0.3780952380952381 0.4044642857142857 0.36904761904761907 0.4074404761904762 0.36714285714285716
2 0.27708333333333335 0.4280952380952381 0.2761904761904762 0.43952380952380954 0.2824404761904762 0.44952380952380955 0.28809523809523807 0.47095238095238096 0.2863095238095238 0.4723809523809524 0.2830357142857143 0.4676190476190476 0.2794642857142857 0.4695238095238095 0.27232142857142855 0.5071428571428571 0.26904761904761904 0.5109523809523809 0.2654761904761905 0.4957142857142857 0.2619047619047619 0.5061904761904762 0.25833333333333336 0.5076190476190476 0.25684523809523807 0.5052380952380953 0.2577380952380952 0.49238095238095236 0.2636904761904762 0.4676190476190476 0.2604166666666667 0.4561904761904762 0.26339285714285715 0.44666666666666666 0.26964285714285713 0.439047619047619 0.2714285714285714 0.42952380952380953 0.2767857142857143 0.4280952380952381
2 0.6791666666666667 0.3466666666666667 0.6824404761904762 0.3566666666666667 0.6913690476190476 0.36952380952380953 0.687202380952381 0.38904761904761903 0.687797619047619 0.3980952380952381 0.6928571428571428 0.4147619047619048 0.6913690476190476 0.4180952380952381 0.687202380952381 0.41523809523809524 0.6803571428571429 0.39904761904761904 0.6732142857142858 0.39666666666666667 0.6678571428571428 0.4 0.6619047619047619 0.41523809523809524 0.6553571428571429 0.4147619047619048 0.6553571428571429 0.4114285714285714 0.6598214285714286 0.40523809523809523 0.6622023809523809 0.3914285714285714 0.6702380952380952 0.3838095238095238 0.6723214285714286 0.3628571428571429 0.6755952380952381 0.3557142857142857 0.6752976190476191 0.34809523809523807 0.6788690476190476 0.3466666666666667
2 0.4511904761904762 0.3419047619047619 0.4529761904761905 0.34476190476190477 0.4529761904761905 0.3638095238095238 0.4505952380952381 0.36952380952380953 0.44970238095238096 0.3838095238095238 0.4556547619047619 0.4014285714285714 0.45714285714285713 0.4176190476190476 0.45625 0.4238095238095238 0.4529761904761905 0.4276190476190476 0.44970238095238096 0.42523809523809525 0.45089285714285715 0.4166666666666667 0.4479166666666667 0.40095238095238095 0.43660714285714286 0.39095238095238094 0.43452380952380953 0.3842857142857143 0.43898809523809523 0.35619047619047617 0.4452380952380952 0.3485714285714286 0.44642857142857145 0.3438095238095238 0.45089285714285715 0.3419047619047619
2 0.8961309523809524 0.3628571428571429 0.8985119047619048 0.3657142857142857 0.8994047619047619 0.3761904761904762 0.9044642857142857 0.39285714285714285 0.9011904761904762 0.40476190476190477 0.9026785714285714 0.42095238095238097 0.9142857142857143 0.4442857142857143 0.9113095238095238 0.4504761904761905 0.8976190476190476 0.42904761904761907 0.893452380952381 0.430952380952381 0.8943452380952381 0.4423809523809524 0.8925595238095239 0.4461904761904762 0.8857142857142857 0.44571428571428573 0.8827380952380952 0.4142857142857143 0.8872023809523809 0.4038095238095238 0.8922619047619048 0.36523809523809525 0.8958333333333334 0.3628571428571429
2 0.5505952380952381 0.3333333333333333 0.5523809523809524 0.33666666666666667 0.5526785714285715 0.3557142857142857 0.5488095238095239 0.3661904761904762 0.5583333333333333 0.38 0.5571428571428572 0.39 0.5583333333333333 0.3980952380952381 0.5553571428571429 0.40095238095238095 0.5505952380952381 0.3976190476190476 0.5508928571428572 0.38571428571428573 0.5482142857142858 0.38285714285714284 0.5360119047619047 0.3838095238095238 0.5261904761904762 0.39666666666666667 0.5199404761904762 0.3976190476190476 0.5252976190476191 0.3861904761904762 0.53125 0.37952380952380954 0.5389880952380952 0.34904761904761905 0.544345238095238 0.3414285714285714 0.5464285714285714 0.3342857142857143 0.5502976190476191 0.3333333333333333
2 0.5723214285714285 0.2876190476190476 0.5744047619047619 0.2895238095238095 0.5761904761904761 0.30904761904761907 0.5738095238095238 0.32285714285714284 0.5741071428571428 0.34523809523809523 0.5711309523809524 0.35523809523809524 0.5717261904761904 0.36238095238095236 0.569047619047619 0.3638095238095238 0.5580357142857143 0.35904761904761906 0.5571428571428572 0.35523809523809524 0.5619047619047619 0.3485714285714286 0.562797619047619 0.34285714285714286 0.5610119047619048 0.3061904761904762 0.569047619047619 0.2895238095238095 0.5720238095238095 0.2876190476190476
2 0.7654761904761904 0.32761904761904764 0.7758928571428572 0.35285714285714287 0.7741071428571429 0.36666666666666664 0.7800595238095238 0.4 0.7794642857142857 0.4033333333333333 0.774702380952381 0.40285714285714286 0.7723214285714286 0.40904761904761905 0.7690476190476191 0.4085714285714286 0.7651785714285714 0.39714285714285713 0.7589285714285714 0.3580952380952381 0.7547619047619047 0.36 0.7514880952380952 0.3676190476190476 0.7476190476190476 0.36952380952380953 0.7508928571428571 0.3557142857142857 0.7604166666666666 0.3395238095238095 0.7616071428571428 0.3280952380952381 0.7651785714285714 0.32761904761904764
0 0.5851190476190476 0.35619047619047617 0.5875 0.36238095238095236 0.5854166666666667 0.36714285714285716 0.5800595238095239 0.3661904761904762 0.5788690476190477 0.3628571428571429 0.5800595238095239 0.3576190476190476 0.5848214285714286 0.35619047619047617
1 0.2943452380952381 0.3619047619047619 0.29583333333333334 0.3661904761904762 0.2910714285714286 0.4 0.29345238095238096 0.4185714285714286 0.28869047619047616 0.4238095238095238 0.2889880952380952 0.42857142857142855 0.28720238095238093 0.43 0.2741071428571429 0.42523809523809525 0.2773809523809524 0.4042857142857143 0.2708333333333333 0.39380952380952383 0.26875 0.3861904761904762 0.2735119047619048 0.3761904761904762 0.2863095238095238 0.370952380952381 0.2892857142857143 0.3638095238095238 0.29404761904761906 0.3619047619047619
3 0.7595238095238095 0.17857142857142858 0.7663690476190477 0.18619047619047618 0.76875 0.19380952380952382 0.7726190476190476 0.2276190476190476 0.7723214285714286 0.23142857142857143 0.76875 0.23238095238095238 0.7616071428571428 0.23047619047619047 0.7636904761904761 0.21619047619047618 0.7586309523809524 0.21 0.7541666666666667 0.21285714285714286 0.7479166666666667 0.2280952380952381 0.7443452380952381 0.2280952380952381 0.7520833333333333 0.2 0.7535714285714286 0.18523809523809523 0.7568452380952381 0.17857142857142858 0.7592261904761904 0.17857142857142858
3 0.8348214285714286 0.37666666666666665 0.8443452380952381 0.4038095238095238 0.8449404761904762 0.4185714285714286 0.8419642857142857 0.43714285714285717 0.8470238095238095 0.46285714285714286 0.8398809523809524 0.4633333333333333 0.8407738095238095 0.4552380952380952 0.8345238095238096 0.44 0.8321428571428572 0.4442857142857143 0.8300595238095239 0.4661904761904762 0.8282738095238096 0.4680952380952381 0.825 0.46476190476190476 0.8244047619047619 0.4452380952380952 0.8276785714285714 0.4261904761904762 0.825297619047619 0.4142857142857143 0.8279761904761904 0.40714285714285714 0.8279761904761904 0.39666666666666667 0.830654761904762 0.3871428571428571 0.8297619047619048 0.37952380952380954 0.8345238095238096 0.37666666666666665