0 0.6714285714285714 0.48333333333333334 0.675 0.490952380952381 0.6717261904761904 0.49666666666666665 0.6675595238095238 0.49476190476190474 0.6654761904761904 0.4876190476190476 0.6678571428571428 0.48333333333333334 0.6711309523809523 0.48333333333333334
2 0.1244047619047619 0.4480952380952381 0.12708333333333333 0.45714285714285713 0.12976190476190477 0.49333333333333335 0.1282738095238095 0.5166666666666667 0.12529761904761905 0.5295238095238095 0.11636904761904762 0.5485714285714286 0.1130952380952381 0.5480952380952381 0.1125 0.5447619047619048 0.11785714285714285 0.5219047619047619 0.11607142857142858 0.5176190476190476 0.10952380952380952 0.5142857142857142 0.10803571428571429 0.5076190476190476 0.11398809523809524 0.5009523809523809 0.11488095238095238 0.48333333333333334 0.11279761904761905 0.47095238095238096 0.1181547619047619 0.4595238095238095 0.11845238095238095 0.45 0.12410714285714286 0.4480952380952381
2 0.1732142857142857 0.5042857142857143 0.175 0.508095238095238 0.17529761904761904 0.5223809523809524 0.17886904761904762 0.5319047619047619 0.18720238095238095 0.5338095238095238 0.18541666666666667 0.5395238095238095 0.17708333333333334 0.5495238095238095 0.17857142857142858 0.5704761904761905 0.17767857142857144 0.599047619047619 0.18154761904761904 0.6090476190476191 0.17886904761904762 0.6104761904761905 0.17142857142857143 0.6066666666666667 0.17172619047619048 0.5828571428571429 0.16785714285714284 0.5833333333333334 0.15773809523809523 0.6009523809523809 0.15595238095238095 0.5971428571428572 0.16428571428571428 0.5719047619047619 0.16339285714285715 0.5480952380952381 0.15803571428571428 0.5376190476190477 0.1595238095238095 0.5261904761904762 0.16547619047619047 0.5166666666666667 0.16577380952380952 0.5057142857142857 0.17291666666666666 0.5042857142857143
2 0.611904761904762 0.550952380952381 0.6190476190476191 0.5714285714285714 0.6172619047619048 0.590952380952381 0.6300595238095238 0.6095238095238096 0.6309523809523809 0.6276190476190476 0.6300595238095238 0.6309523809523809 0.6267857142857143 0.6290476190476191 0.6226190476190476 0.6104761904761905 0.60625 0.6109523809523809 0.5997023809523809 0.6214285714285714 0.5910714285714286 0.6466666666666666 0.5883928571428572 0.6490476190476191 0.5863095238095238 0.6471428571428571 0.5866071428571429 0.6433333333333333 0.5901785714285714 0.6276190476190476 0.5961309523809524 0.6147619047619047 0.6005952380952381 0.5957142857142858 0.6011904761904762 0.5680952380952381 0.6056547619047619 0.5619047619047619 0.6077380952380952 0.5523809523809524 0.6116071428571429 0.550952380952381
2 0.09791666666666667 0.6123809523809524 0.10089285714285715 0.6276190476190476 0.1074404761904762 0.6461904761904762 0.12083333333333333 0.6576190476190477 0.11607142857142858 0.660952380952381 0.10952380952380952 0.6552380952380953 0.10476190476190476 0.6557142857142857 0.10416666666666667 0.660952380952381 0.10892857142857143 0.6880952380952381 0.1074404761904762 0.699047619047619 0.10238095238095238 0.7133333333333334 0.10297619047619047 0.7204761904761905 0.0994047619047619 0.7228571428571429 0.09375 0.72 0.10029761904761905 0.6995238095238095 0.0988095238095238 0.6938095238095238 0.08958333333333333 0.7033333333333334 0.0880952380952381 0.7133333333333334 0.08333333333333333 0.7133333333333334 0.08214285714285714 0.7080952380952381 0.08214285714285714 0.6995238095238095 0.0886904761904762 0.6933333333333334 0.09255952380952381 0.6857142857142857 0.09077380952380952 0.6638095238095238 0.08571428571428572 0.6538095238095238 0.08630952380952381 0.6371428571428571 0.09136904761904761 0.6271428571428571 0.09107142857142857 0.6152380952380953 0.0943452380952381 0.6114285714285714 0.09761904761904762 0.6123809523809524
2 0.47619047619047616 0.6061904761904762 0.48214285714285715 0.6414285714285715 0.4863095238095238 0.6476190476190476 0.48392857142857143 0.6580952380952381 0.4880952380952381 0.669047619047619 0.48988095238095236 0.680952380952381 0.48839285714285713 0.6880952380952381 0.48154761904761906 0.7 0.48273809523809524 0.71 0.4773809523809524 0.7133333333333334 0.47351190476190474 0.7114285714285714 0.4708333333333333 0.699047619047619 0.47619047619047616 0.6919047619047619 0.4785714285714286 0.6785714285714286 0.4738095238095238 0.6704761904761904 0.46964285714285714 0.6514285714285715 0.4636904761904762 0.6404761904761904 0.4711309523809524 0.6085714285714285 0.4758928571428571 0.6061904761904762
2 0.6729166666666667 0.5414285714285715 0.674702380952381 0.5433333333333333 0.6767857142857143 0.5566666666666666 0.6866071428571429 0.560952380952381 0.687202380952381 0.5723809523809524 0.6824404761904762 0.580952380952381 0.6827380952380953 0.5919047619047619 0.6931547619047619 0.6209523809523809 0.7 0.6266666666666667 0.7 0.63 0.6961309523809524 0.6352380952380953 0.6925595238095238 0.6333333333333333 0.6821428571428572 0.6147619047619047 0.6788690476190476 0.6233333333333333 0.6645833333333333 0.6338095238095238 0.6604166666666667 0.6333333333333333 0.6616071428571428 0.6242857142857143 0.6738095238095239 0.6128571428571429 0.6732142857142858 0.6047619047619047 0.6684523809523809 0.59 0.6645833333333333 0.5857142857142857 0.6622023809523809 0.5780952380952381 0.6642857142857143 0.5628571428571428 0.6678571428571428 0.5566666666666666 0.6681547619047619 0.5447619047619048 0.6726190476190477 0.5414285714285715
2 0.39404761904761904 0.48523809523809525 0.4 0.5047619047619047 0.40089285714285716 0.5514285714285714 0.4068452380952381 0.5728571428571428 0.4133928571428571 0.5814285714285714 0.4113095238095238 0.5842857142857143 0.40535714285714286 0.5819047619047619 0.3976190476190476 0.5628571428571428 0.38720238095238096 0.5714285714285714 0.3836309523809524 0.5795238095238096 0.38184523809523807 0.5752380952380952 0.38184523809523807 0.5676190476190476 0.3919642857142857 0.5519047619047619 0.38779761904761906 0.5352380952380953 0.3806547619047619 0.5223809523809524 0.3800595238095238 0.5152380952380953 0.38571428571428573 0.5004761904761905 0.3860119047619048 0.49 0.39375 0.48523809523809525
2 0.42529761904761904 0.5566666666666666 0.4303571428571429 0.56 0.4294642857142857 0.5719047619047619 0.4318452380952381 0.5857142857142857 0.4398809523809524 0.5880952380952381 0.43898809523809523 0.5919047619047619 0.4303571428571429 0.6014285714285714 0.4288690476190476 0.6133333333333333 0.4342261904761905 0.6404761904761904 0.43898809523809523 0.650952380952381 0.44434523809523807 0.6533333333333333 0.44345238095238093 0.6576190476190477 0.4354166666666667 0.6619047619047619 0.42916666666666664 0.64 0.42529761904761904 0.6333333333333333 0.40922619047619047 0.6528571428571428 0.40773809523809523 0.6623809523809524 0.4044642857142857 0.6619047619047619 0.4029761904761905 0.6542857142857142 0.4035714285714286 0.6480952380952381 0.41636904761904764 0.6285714285714286 0.41696428571428573 0.6019047619047619 0.41458333333333336 0.5976190476190476 0.41309523809523807 0.6066666666666667 0.4107142857142857 0.6085714285714285 0.4107142857142857 0.5885714285714285 0.42142857142857143 0.5695238095238095 0.4220238095238095 0.5604761904761905 0.425 0.5571428571428572
2 0.638095238095238 0.6195238095238095 0.6404761904761904 0.6228571428571429 0.6398809523809523 0.6333333333333333 0.6449404761904762 0.6395238095238095 0.6470238095238096 0.6461904761904762 0.6488095238095238 0.6738095238095239 0.6520833333333333 0.6838095238095238 0.6505952380952381 0.7171428571428572 0.6476190476190476 0.719047619047619 0.6461309523809524 0.7161904761904762 0.6443452380952381 0.6923809523809524 0.6369047619047619 0.6833333333333333 0.624702380952381 0.6961904761904761 0.6151785714285715 0.7214285714285714 0.6127976190476191 0.7214285714285714 0.611904761904762 0.7161904761904762 0.6223214285714286 0.6828571428571428 0.6232142857142857 0.6490476190476191 0.631547619047619 0.6333333333333333 0.6330357142857143 0.6228571428571429 0.637797619047619 0.6195238095238095
1 0.655952380952381 0.5480952380952381 0.6648809523809524 0.5604761904761905 0.6657738095238095 0.5780952380952381 0.669345238095238 0.5852380952380952 0.669047619047619 0.5957142857142858 0.6648809523809524 0.6 0.6419642857142858 0.5966666666666667 0.6261904761904762 0.5919047619047619 0.6238095238095238 0.5885714285714285 0.6267857142857143 0.5847619047619048 0.6532738095238095 0.5742857142857143 0.6616071428571428 0.5680952380952381 0.6601190476190476 0.560952380952381 0.6532738095238095 0.55 0.6556547619047619 0.5480952380952381
3 0.15089285714285713 0.5780952380952381 0.15535714285714286 0.5814285714285714 0.1523809523809524 0.5919047619047619 0.15773809523809523 0.6019047619047619 0.16577380952380952 0.6819047619047619 0.1705357142857143 0.689047619047619 0.1699404761904762 0.6914285714285714 0.1601190476190476 0.689047619047619 0.1574404761904762 0.6614285714285715 0.15446428571428572 0.6566666666666666 0.1494047619047619 0.6647619047619048 0.13303571428571428 0.6795238095238095 0.13005952380952382 0.6871428571428572 0.12708333333333333 0.6847619047619048 0.12678571428571428 0.679047619047619 0.12946428571428573 0.6723809523809524 0.1425595238095238 0.659047619047619 0.14583333333333334 0.6519047619047619 0.14523809523809525 0.6247619047619047 0.1431547619047619 0.6195238095238095 0.1375 0.6157142857142858 0.13988095238095238 0.6023809523809524 0.14642857142857144 0.5919047619047619 0.1461309523809524 0.5814285714285714 0.1505952380952381 0.5785714285714286