0 0.5961309523809524 0.6257142857142857 0.5994047619047619 0.6333333333333333 0.5955357142857143 0.6404761904761904 0.5910714285714286 0.6390476190476191 0.5892857142857143 0.6333333333333333 0.5916666666666667 0.6261904761904762 0.5958333333333333 0.6257142857142857
2 0.38035714285714284 0.6176190476190476 0.3827380952380952 0.6204761904761905 0.3842261904761905 0.6323809523809524 0.38958333333333334 0.6404761904761904 0.3913690476190476 0.6528571428571428 0.38720238095238096 0.6680952380952381 0.3875 0.6738095238095239 0.39107142857142857 0.6814285714285714 0.38720238095238096 0.700952380952381 0.38839285714285715 0.7133333333333334 0.37976190476190474 0.7133333333333334 0.3794642857142857 0.7066666666666667 0.3827380952380952 0.6957142857142857 0.3800595238095238 0.689047619047619 0.3732142857142857 0.7019047619047619 0.36220238095238094 0.7133333333333334 0.3592261904761905 0.7242857142857143 0.3556547619047619 0.7209523809523809 0.3550595238095238 0.7095238095238096 0.36875 0.6928571428571428 0.3729166666666667 0.680952380952381 0.3723214285714286 0.6642857142857143 0.3657738095238095 0.6557142857142857 0.3657738095238095 0.650952380952381 0.36964285714285716 0.6371428571428571 0.375 0.63 0.37648809523809523 0.6195238095238095 0.3800595238095238 0.6176190476190476
2 0.4818452380952381 0.5328571428571428 0.48601190476190476 0.5361904761904762 0.48660714285714285 0.54 0.48660714285714285 0.5533333333333333 0.4824404761904762 0.5714285714285714 0.48273809523809524 0.5957142857142858 0.475 0.611904761904762 0.47559523809523807 0.6190476190476191 0.4732142857142857 0.62 0.4699404761904762 0.6161904761904762 0.46904761904761905 0.6090476190476191 0.4758928571428571 0.5919047619047619 0.47410714285714284 0.5885714285714285 0.47023809523809523 0.59 0.45982142857142855 0.6223809523809524 0.45595238095238094 0.6190476190476191 0.46577380952380953 0.5742857142857143 0.46339285714285716 0.5728571428571428 0.4601190476190476 0.5776190476190476 0.45654761904761904 0.5742857142857143 0.46845238095238095 0.55 0.475297619047619 0.5423809523809524 0.47886904761904764 0.5338095238095238 0.48154761904761906 0.5328571428571428
2 0.023214285714285715 0.6123809523809524 0.028273809523809524 0.6161904761904762 0.03125 0.6476190476190476 0.03958333333333333 0.6538095238095238 0.03005952380952381 0.6614285714285715 0.029464285714285714 0.6861904761904762 0.02619047619047619 0.7066666666666667 0.026488095238095238 0.7123809523809523 0.029464285714285714 0.7171428571428572 0.024404761904761905 0.7204761904761905 0.018452380952380953 0.72 0.01994047619047619 0.7033333333333334 0.015476190476190477 0.6961904761904761 0.012202380952380952 0.6942857142857143 0.005654761904761905 0.7 0.0026785714285714286 0.6961904761904761 0.007738095238095238 0.6866666666666666 0.015476190476190477 0.690952380952381 0.018452380952380953 0.6866666666666666 0.016666666666666666 0.6595238095238095 0.013392857142857142 0.6461904761904762 0.017857142857142856 0.6304761904761905 0.018154761904761906 0.6171428571428571 0.022916666666666665 0.6123809523809524
2 0.14047619047619048 0.51 0.1425595238095238 0.5119047619047619 0.14523809523809525 0.5423809523809524 0.15357142857142858 0.5476190476190477 0.14404761904761904 0.5557142857142857 0.14464285714285716 0.5776190476190476 0.1419642857142857 0.5957142857142858 0.13779761904761906 0.6090476190476191 0.13988095238095238 0.6161904761904762 0.13779761904761906 0.6171428571428571 0.1324404761904762 0.6161904761904762 0.13125 0.6133333333333333 0.13452380952380952 0.5847619047619048 0.1324404761904762 0.5776190476190476 0.13005952380952382 0.5395238095238095 0.13363095238095238 0.5271428571428571 0.13363095238095238 0.5142857142857142 0.14017857142857143 0.51
2 0.5607142857142857 0.5447619047619048 0.5639880952380952 0.5466666666666666 0.5654761904761905 0.5576190476190476 0.5553571428571429 0.58 0.5535714285714286 0.5947619047619047 0.5488095238095239 0.599047619047619 0.544047619047619 0.6095238095238096 0.5220238095238096 0.6276190476190476 0.51875 0.6295238095238095 0.518154761904762 0.6228571428571429 0.5214285714285715 0.6166666666666667 0.5363095238095238 0.6038095238095238 0.5395833333333333 0.5847619047619048 0.5571428571428572 0.5471428571428572 0.5604166666666667 0.5452380952380952
2 0.4005952380952381 0.540952380952381 0.4029761904761905 0.5638095238095238 0.4074404761904762 0.570952380952381 0.40654761904761905 0.5742857142857143 0.39791666666666664 0.5738095238095238 0.3958333333333333 0.5452380952380952 0.3904761904761905 0.5395238095238095 0.3717261904761905 0.5695238095238095 0.36964285714285716 0.579047619047619 0.3663690476190476 0.5728571428571428 0.3672619047619048 0.5642857142857143 0.37976190476190474 0.5414285714285715 0.3869047619047619 0.48714285714285716 0.3919642857142857 0.48095238095238096 0.3958333333333333 0.4838095238095238 0.3949404761904762 0.5195238095238095 0.40029761904761907 0.540952380952381
2 0.6979166666666666 0.5585714285714286 0.7020833333333333 0.5657142857142857 0.7071428571428572 0.5666666666666667 0.7142857142857143 0.5747619047619048 0.7119047619047619 0.5952380952380952 0.7273809523809524 0.6452380952380953 0.7306547619047619 0.6504761904761904 0.7282738095238095 0.6528571428571428 0.7247023809523809 0.650952380952381 0.71875 0.6414285714285715 0.7175595238095238 0.6333333333333333 0.7133928571428572 0.6242857142857143 0.7116071428571429 0.6261904761904762 0.7119047619047619 0.6309523809523809 0.7181547619047619 0.6461904761904762 0.7169642857142857 0.6519047619047619 0.7136904761904762 0.650952380952381 0.7110119047619048 0.6419047619047619 0.700595238095238 0.6228571428571429 0.6973214285714285 0.6028571428571429 0.6916666666666667 0.5919047619047619 0.6916666666666667 0.5614285714285714 0.69375 0.5580952380952381 0.6976190476190476 0.5585714285714286
2 0.5788690476190477 0.5504761904761905 0.5800595238095239 0.5576190476190476 0.575297619047619 0.5742857142857143 0.575297619047619 0.5833333333333334 0.5827380952380953 0.5952380952380952 0.575595238095238 0.5961904761904762 0.5741071428571428 0.6023809523809524 0.5776785714285714 0.6157142857142858 0.5779761904761904 0.638095238095238 0.5821428571428572 0.6438095238095238 0.5758928571428571 0.6471428571428571 0.5714285714285714 0.6442857142857142 0.5702380952380952 0.6157142857142858 0.5678571428571428 0.6104761904761905 0.5610119047619048 0.6114285714285714 0.5598214285714286 0.6195238095238095 0.5467261904761904 0.638095238095238 0.5434523809523809 0.6395238095238095 0.5425595238095238 0.6366666666666667 0.54375 0.63 0.5547619047619048 0.6066666666666667 0.5538690476190476 0.5885714285714285 0.5565476190476191 0.5776190476190476 0.5666666666666667 0.5557142857142857 0.5744047619047619 0.55 0.5785714285714286 0.5504761904761905
1 0.7958333333333333 0.45666666666666667 0.8089285714285714 0.47333333333333333 0.8193452380952381 0.4976190476190476 0.8199404761904762 0.5019047619047619 0.8172619047619047 0.5085714285714286 0.8217261904761904 0.5290476190476191 0.8211309523809524 0.5333333333333333 0.8172619047619047 0.5319047619047619 0.8035714285714286 0.4980952380952381 0.8002976190476191 0.49857142857142855 0.7970238095238096 0.5033333333333333 0.7934523809523809 0.5238095238095238 0.7872023809523809 0.5257142857142857 0.7886904761904762 0.5090476190476191 0.7869047619047619 0.5047619047619047 0.7830357142857143 0.5052380952380953 0.7830357142857143 0.5014285714285714 0.7880952380952381 0.4828571428571429 0.7907738095238095 0.46 0.7955357142857142 0.45666666666666667
3 0.13333333333333333 0.6542857142857142 0.13482142857142856 0.6576190476190477 0.13363095238095238 0.659047619047619 0.12678571428571428 0.659047619047619 0.12321428571428572 0.638095238095238 0.11607142857142858 0.6442857142857142 0.10446428571428572 0.6476190476190476 0.09910714285714285 0.6557142857142857 0.09672619047619048 0.6519047619047619 0.09851190476190476 0.64 0.11577380952380953 0.6304761904761905 0.11755952380952381 0.6047619047619047 0.11547619047619048 0.599047619047619 0.10922619047619048 0.5928571428571429 0.10863095238095238 0.5880952380952381 0.11428571428571428 0.5776190476190476 0.12113095238095238 0.570952380952381 0.12172619047619047 0.5638095238095238 0.1255952380952381 0.56 0.12916666666666668 0.5604761904761905 0.13125 0.5647619047619048 0.13125 0.5747619047619048 0.13422619047619047 0.5880952380952381 0.12946428571428573 0.6242857142857143 0.13125 0.65 0.13303571428571428 0.6542857142857142