0 0.36041666666666666 0.4633333333333333 0.36279761904761904 0.4661904761904762 0.3607142857142857 0.4723809523809524 0.35625 0.4723809523809524 0.3541666666666667 0.4685714285714286 0.3556547619047619 0.4638095238095238 0.3601190476190476 0.4633333333333333
2 0.4988095238095238 0.37142857142857144 0.5029761904761905 0.3823809523809524 0.5008928571428571 0.3933333333333333 0.5029761904761905 0.4042857142857143 0.4988095238095238 0.40904761904761905 0.4979166666666667 0.4185714285714286 0.4955357142857143 0.42 0.4895833333333333 0.3757142857142857 0.4919642857142857 0.370952380952381 0.49851190476190477 0.37142857142857144
2 0.37410714285714286 0.40523809523809523 0.3794642857142857 0.4319047619047619 0.38333333333333336 0.44095238095238093 0.3836309523809524 0.4585714285714286 0.37857142857142856 0.4614285714285714 0.37351190476190477 0.4695238095238095 0.3717261904761905 0.46523809523809523 0.3738095238095238 0.44904761904761903 0.3678571428571429 0.439047619047619 0.3669642857142857 0.43047619047619046 0.37083333333333335 0.4076190476190476 0.3738095238095238 0.40523809523809523
2 0.43214285714285716 0.4157142857142857 0.43898809523809523 0.4319047619047619 0.4354166666666667 0.48238095238095235 0.43214285714285716 0.48333333333333334 0.43065476190476193 0.48095238095238096 0.42470238095238094 0.45 0.42529761904761904 0.42857142857142855 0.4282738095238095 0.4238095238095238 0.4288690476190476 0.4180952380952381 0.4318452380952381 0.41619047619047617
2 0.8383928571428572 0.7771428571428571 0.8470238095238095 0.7966666666666666 0.8538690476190476 0.8219047619047619 0.856547619047619 0.8414285714285714 0.8729166666666667 0.8585714285714285 0.8732142857142857 0.8661904761904762 0.8696428571428572 0.8661904761904762 0.8657738095238096 0.86 0.8520833333333333 0.849047619047619 0.8482142857142857 0.8404761904761905 0.8446428571428571 0.839047619047619 0.8410714285714286 0.8447619047619047 0.8401785714285714 0.8695238095238095 0.8360119047619048 0.871904761904762 0.8294642857142858 0.8695238095238095 0.8351190476190476 0.8604761904761905 0.8345238095238096 0.8419047619047619 0.8386904761904762 0.8142857142857143 0.8354166666666667 0.8071428571428572 0.8366071428571429 0.7933333333333333 0.8342261904761905 0.7795238095238095 0.8380952380952381 0.7771428571428571
2 0.14375 0.611904761904762 0.14464285714285716 0.6195238095238095 0.1523809523809524 0.6338095238095238 0.15029761904761904 0.6438095238095238 0.1505952380952381 0.6585714285714286 0.15714285714285714 0.6847619047619048 0.15476190476190477 0.6895238095238095 0.15148809523809523 0.6885714285714286 0.14375 0.6719047619047619 0.1380952380952381 0.6538095238095238 0.13660714285714284 0.6419047619047619 0.13303571428571428 0.6338095238095238 0.12857142857142856 0.63 0.13839285714285715 0.6195238095238095 0.14047619047619048 0.6104761904761905 0.14345238095238094 0.611904761904762
2 0.34523809523809523 0.379047619047619 0.35059523809523807 0.3904761904761905 0.35119047619047616 0.40095238095238095 0.35833333333333334 0.4042857142857143 0.35833333333333334 0.4076190476190476 0.3535714285714286 0.4085714285714286 0.35 0.41285714285714287 0.35059523809523807 0.4219047619047619 0.3488095238095238 0.42428571428571427 0.3458333333333333 0.42238095238095236 0.3413690476190476 0.4042857142857143 0.3410714285714286 0.3952380952380952 0.33779761904761907 0.3871428571428571 0.33839285714285716 0.37333333333333335 0.3416666666666667 0.37333333333333335 0.3449404761904762 0.379047619047619
2 0.9529761904761904 0.6033333333333334 0.9550595238095239 0.6142857142857143 0.9517857142857142 0.6438095238095238 0.9523809523809523 0.6666666666666666 0.9494047619047619 0.6714285714285714 0.9422619047619047 0.6695238095238095 0.9366071428571429 0.6433333333333333 0.94375 0.5885714285714285 0.9494047619047619 0.5885714285714285 0.95 0.5976190476190476 0.9526785714285714 0.6033333333333334
2 0.7794642857142857 0.3271428571428571 0.7842261904761905 0.3385714285714286 0.7839285714285714 0.3566666666666667 0.7869047619047619 0.3661904761904762 0.7827380952380952 0.37761904761904763 0.7791666666666667 0.37666666666666665 0.7744047619047619 0.3385714285714286 0.7752976190476191 0.3304761904761905 0.7791666666666667 0.3271428571428571
2 0.6476190476190476 0.508095238095238 0.656547619047619 0.5257142857142857 0.6553571428571429 0.5333333333333333 0.6571428571428571 0.5480952380952381 0.6633928571428571 0.5604761904761905 0.6574404761904762 0.5633333333333334 0.6577380952380952 0.5752380952380952 0.6523809523809524 0.5723809523809524 0.6461309523809524 0.5538095238095239 0.6446428571428572 0.5404761904761904 0.6407738095238096 0.5328571428571428 0.6440476190476191 0.5171428571428571 0.64375 0.5085714285714286 0.6473214285714286 0.508095238095238
2 0.1761904761904762 0.6328571428571429 0.17857142857142858 0.6395238095238095 0.18541666666666667 0.6423809523809524 0.18958333333333333 0.6476190476190476 0.1907738095238095 0.6852380952380952 0.2011904761904762 0.7028571428571428 0.19613095238095238 0.709047619047619 0.19375 0.7076190476190476 0.1931547619047619 0.7019047619047619 0.17767857142857144 0.6823809523809524 0.17976190476190476 0.6671428571428571 0.1761904761904762 0.6595238095238095 0.1705357142857143 0.6580952380952381 0.16815476190476192 0.6647619047619048 0.17202380952380952 0.6347619047619047 0.17589285714285716 0.6328571428571429
2 0.3639880952380952 0.3557142857142857 0.36964285714285716 0.3580952380952381 0.3770833333333333 0.3661904761904762 0.3773809523809524 0.36952380952380953 0.37351190476190477 0.37285714285714283 0.3744047619047619 0.38 0.38511904761904764 0.39285714285714285 0.38333333333333336 0.39714285714285713 0.37648809523809523 0.3914285714285714 0.37083333333333335 0.39095238095238094 0.3678571428571429 0.40095238095238095 0.3651785714285714 0.4004761904761905 0.36220238095238094 0.3742857142857143 0.35892857142857143 0.37 0.3613095238095238 0.35714285714285715 0.3636904761904762 0.3557142857142857
2 0.4919642857142857 0.3395238095238095 0.4979166666666667 0.34904761904761905 0.5017857142857143 0.37142857142857144 0.5068452380952381 0.38 0.5053571428571428 0.3823809523809524 0.49910714285714286 0.37476190476190474 0.49107142857142855 0.370952380952381 0.4895833333333333 0.34095238095238095 0.49166666666666664 0.3395238095238095
2 0.7636904761904761 0.43333333333333335 0.768452380952381 0.45095238095238094 0.7669642857142858 0.4876190476190476 0.7708333333333334 0.4942857142857143 0.7708333333333334 0.49857142857142855 0.7660714285714286 0.5028571428571429 0.7619047619047619 0.5019047619047619 0.7619047619047619 0.4942857142857143 0.7586309523809524 0.4876190476190476 0.7571428571428571 0.47714285714285715 0.7580357142857143 0.44857142857142857 0.7604166666666666 0.4342857142857143 0.7633928571428571 0.43333333333333335
2 0.18720238095238095 0.4723809523809524 0.1949404761904762 0.49142857142857144 0.19613095238095238 0.5047619047619047 0.19970238095238096 0.5176190476190476 0.20833333333333334 0.5366666666666666 0.2074404761904762 0.540952380952381 0.20416666666666666 0.5385714285714286 0.19672619047619047 0.5233333333333333 0.18988095238095237 0.5176190476190476 0.18660714285714286 0.520952380952381 0.1863095238095238 0.5395238095238095 0.18214285714285713 0.5395238095238095 0.17946428571428572 0.4938095238095238 0.18244047619047618 0.4738095238095238 0.1869047619047619 0.4723809523809524
2 0.9925595238095238 0.39571428571428574 0.9970238095238095 0.4080952380952381 0.9979166666666667 0.42238095238095236 0.999702380952381 0.4228571428571429 0.999702380952381 0.45904761904761904 0.9946428571428572 0.4576190476190476 0.9910714285714286 0.4519047619047619 0.9863095238095239 0.4319047619047619 0.9892857142857143 0.39714285714285713 0.9922619047619048 0.39571428571428574
2 0.5011904761904762 0.518095238095238 0.5074404761904762 0.5285714285714286 0.5035714285714286 0.5547619047619048 0.5050595238095238 0.5785714285714286 0.5026785714285714 0.580952380952381 0.4994047619047619 0.569047619047619 0.49464285714285716 0.5638095238095238 0.4907738095238095 0.5376190476190477 0.49107142857142855 0.5252380952380953 0.49375 0.5185714285714286 0.49404761904761907 0.5109523809523809 0.4979166666666667 0.51 0.5008928571428571 0.518095238095238
2 0.7723214285714286 0.42857142857142855 0.7758928571428572 0.42952380952380953 0.7794642857142857 0.44047619047619047 0.7827380952380952 0.4666666666666667 0.7934523809523809 0.4780952380952381 0.7931547619047619 0.4819047619047619 0.7901785714285714 0.48142857142857143 0.7875 0.4776190476190476 0.7791666666666667 0.4742857142857143 0.7767857142857143 0.47714285714285715 0.7758928571428572 0.4861904761904762 0.7717261904761905 0.4876190476190476 0.7723214285714286 0.42904761904761907
3 0.5714285714285714 0.42952380952380953 0.5764880952380952 0.4419047619047619 0.5791666666666667 0.47095238095238096 0.5830357142857143 0.4804761904761905 0.5848214285714286 0.4957142857142857 0.58125 0.49523809523809526 0.5782738095238096 0.49 0.5732142857142857 0.4938095238095238 0.5708333333333333 0.48428571428571426 0.56875 0.4714285714285714 0.56875 0.4452380952380952 0.569047619047619 0.4319047619047619 0.5711309523809524 0.42952380952380953
3 0.3104166666666667 0.2966666666666667 0.3196428571428571 0.30714285714285716 0.32321428571428573 0.32285714285714284 0.33125 0.3404761904761905 0.3279761904761905 0.3419047619047619 0.325 0.3352380952380952 0.3217261904761905 0.33380952380952383 0.3151785714285714 0.3423809523809524 0.30833333333333335 0.33904761904761904 0.3080357142857143 0.33476190476190476 0.3130952380952381 0.3223809523809524 0.3113095238095238 0.3080952380952381 0.30773809523809526 0.3 0.3101190476190476 0.29714285714285715
2 0.7214285714285714 0.32047619047619047 0.7261904761904762 0.33714285714285713 0.7241071428571428 0.34285714285714286 0.7229166666666667 0.37333333333333335 0.7196428571428571 0.37285714285714283 0.7208333333333333 0.3676190476190476 0.7181547619047619 0.3566666666666667 0.7160714285714286 0.3576190476190476 0.7148809523809524 0.3657142857142857 0.7116071428571429 0.370952380952381 0.7083333333333334 0.37047619047619046 0.7163690476190476 0.34285714285714286 0.718452380952381 0.3233333333333333 0.7211309523809524 0.32047619047619047