0 0.7907738095238095 0.4119047619047619 0.7952380952380952 0.4180952380952381 0.7946428571428571 0.42238095238095236 0.7910714285714285 0.42523809523809525 0.7839285714285714 0.42142857142857143 0.7857142857142857 0.4142857142857143 0.7904761904761904 0.4119047619047619
2 0.36339285714285713 0.5652380952380952 0.36488095238095236 0.57 0.36339285714285713 0.5780952380952381 0.3705357142857143 0.5880952380952381 0.375 0.6114285714285714 0.3732142857142857 0.6214285714285714 0.36875 0.6238095238095238 0.3663690476190476 0.6290476190476191 0.3669642857142857 0.6442857142857142 0.36339285714285713 0.6561904761904762 0.36160714285714285 0.6852380952380952 0.3595238095238095 0.6880952380952381 0.3488095238095238 0.68 0.35059523809523807 0.6438095238095238 0.34970238095238093 0.6290476190476191 0.34523809523809523 0.6171428571428571 0.3443452380952381 0.6028571428571429 0.34851190476190474 0.5861904761904762 0.3568452380952381 0.5771428571428572 0.35773809523809524 0.5661904761904762 0.3630952380952381 0.5652380952380952
2 0.7654761904761904 0.34809523809523807 0.76875 0.3619047619047619 0.7785714285714286 0.37333333333333335 0.768154761904762 0.37714285714285717 0.7663690476190477 0.40476190476190477 0.7541666666666667 0.4219047619047619 0.7517857142857143 0.43142857142857144 0.7476190476190476 0.430952380952381 0.7461309523809524 0.40714285714285714 0.7482142857142857 0.39714285714285713 0.7532738095238095 0.3871428571428571 0.7541666666666667 0.36333333333333334 0.7604166666666666 0.3557142857142857 0.7622023809523809 0.34904761904761905 0.7651785714285714 0.3485714285714286
2 0.3907738095238095 0.41095238095238096 0.39375 0.4142857142857143 0.39404761904761904 0.4338095238095238 0.3907738095238095 0.44666666666666666 0.38958333333333334 0.4623809523809524 0.39791666666666664 0.518095238095238 0.3952380952380952 0.5204761904761904 0.39107142857142857 0.5157142857142857 0.3880952380952381 0.49 0.3836309523809524 0.4861904761904762 0.3794642857142857 0.5052380952380953 0.3800595238095238 0.5138095238095238 0.37648809523809523 0.5157142857142857 0.3732142857142857 0.5128571428571429 0.3761904761904762 0.4804761904761905 0.3755952380952381 0.4695238095238095 0.3723214285714286 0.4638095238095238 0.3723214285714286 0.4419047619047619 0.37916666666666665 0.4261904761904762 0.3904761904761905 0.41095238095238096
2 0.45654761904761904 0.3914285714285714 0.4583333333333333 0.40095238095238095 0.45654761904761904 0.4104761904761905 0.45476190476190476 0.46476190476190476 0.45535714285714285 0.4847619047619048 0.45714285714285713 0.490952380952381 0.4538690476190476 0.4928571428571429 0.4505952380952381 0.49047619047619045 0.44970238095238096 0.48 0.4461309523809524 0.4742857142857143 0.44494047619047616 0.48714285714285716 0.4425595238095238 0.48904761904761906 0.4407738095238095 0.48714285714285716 0.4392857142857143 0.4480952380952381 0.4425595238095238 0.41095238095238096 0.4517857142857143 0.39285714285714285 0.45625 0.3914285714285714
2 0.5136904761904761 0.3466666666666667 0.5172619047619048 0.3757142857142857 0.5166666666666667 0.4176190476190476 0.5050595238095238 0.44142857142857145 0.49851190476190477 0.44476190476190475 0.49583333333333335 0.44285714285714284 0.4955357142857143 0.43857142857142856 0.5 0.4157142857142857 0.49910714285714286 0.4038095238095238 0.5014880952380952 0.39476190476190476 0.5029761904761905 0.36428571428571427 0.5086309523809524 0.34809523809523807 0.5133928571428571 0.3466666666666667
2 0.9223214285714286 0.4895238095238095 0.9255952380952381 0.490952380952381 0.9261904761904762 0.5023809523809524 0.9327380952380953 0.5104761904761905 0.9354166666666667 0.5342857142857143 0.9318452380952381 0.5357142857142857 0.9303571428571429 0.5395238095238095 0.925 0.58 0.9151785714285714 0.6142857142857143 0.9113095238095238 0.6095238095238096 0.9136904761904762 0.5376190476190477 0.9095238095238095 0.5314285714285715 0.9089285714285714 0.5238095238095238 0.9113095238095238 0.5109523809523809 0.9196428571428571 0.5019047619047619 0.9196428571428571 0.4938095238095238 0.9220238095238096 0.4895238095238095
2 0.14077380952380952 0.4942857142857143 0.14226190476190476 0.4980952380952381 0.14166666666666666 0.5095238095238095 0.14732142857142858 0.5190476190476191 0.14970238095238095 0.5295238095238095 0.15773809523809523 0.5461904761904762 0.15416666666666667 0.5461904761904762 0.14761904761904762 0.5371428571428571 0.1449404761904762 0.54 0.14583333333333334 0.5647619047619048 0.15089285714285713 0.599047619047619 0.15386904761904763 0.6061904761904762 0.1529761904761905 0.6095238095238096 0.14851190476190476 0.61 0.14404761904761904 0.599047619047619 0.14285714285714285 0.6090476190476191 0.14434523809523808 0.6166666666666667 0.14077380952380952 0.6209523809523809 0.13720238095238096 0.6176190476190476 0.13690476190476192 0.5747619047619048 0.12708333333333333 0.5576190476190476 0.1261904761904762 0.5485714285714286 0.12678571428571428 0.5233333333333333 0.13482142857142856 0.5085714285714286 0.13482142857142856 0.4961904761904762 0.14047619047619048 0.4942857142857143
2 0.27589285714285716 0.5247619047619048 0.27767857142857144 0.5376190476190477 0.2863095238095238 0.5476190476190477 0.2910714285714286 0.560952380952381 0.2898809523809524 0.5671428571428572 0.2839285714285714 0.5695238095238095 0.28214285714285714 0.5742857142857143 0.28214285714285714 0.6080952380952381 0.2800595238095238 0.6152380952380953 0.27767857142857144 0.6552380952380953 0.27589285714285716 0.6580952380952381 0.2732142857142857 0.6547619047619048 0.27232142857142855 0.6133333333333333 0.27053571428571427 0.6161904761904762 0.27053571428571427 0.6361904761904762 0.2681547619047619 0.6476190476190476 0.2657738095238095 0.6519047619047619 0.26339285714285715 0.6480952380952381 0.26517857142857143 0.5776190476190476 0.26279761904761906 0.569047619047619 0.2654761904761905 0.5495238095238095 0.2699404761904762 0.5395238095238095 0.26964285714285713 0.5290476190476191 0.2726190476190476 0.5242857142857142 0.2755952380952381 0.5247619047619048
2 0.6505952380952381 0.3861904761904762 0.6544642857142857 0.38476190476190475 0.656547619047619 0.3871428571428571 0.6568452380952381 0.39904761904761904 0.6648809523809524 0.42142857142857143 0.6696428571428571 0.4280952380952381 0.6684523809523809 0.430952380952381 0.6610119047619047 0.4280952380952381 0.6580357142857143 0.4319047619047619 0.655952380952381 0.49238095238095236 0.6538690476190476 0.4938095238095238 0.6517857142857143 0.490952380952381 0.6508928571428572 0.4633333333333333 0.6479166666666667 0.45904761904761904 0.6443452380952381 0.4633333333333333 0.6404761904761904 0.4880952380952381 0.6363095238095238 0.49047619047619045 0.6369047619047619 0.4723809523809524 0.6422619047619048 0.43857142857142856 0.6404761904761904 0.43523809523809526 0.6363095238095238 0.439047619047619 0.6354166666666666 0.4357142857142857 0.6422619047619048 0.40523809523809523 0.6491071428571429 0.3961904761904762 0.6505952380952381 0.38666666666666666
2 0.7833333333333333 0.35523809523809524 0.7854166666666667 0.36238095238095236 0.7961309523809523 0.3761904761904762 0.7955357142857142 0.3823809523809524 0.7904761904761904 0.3880952380952381 0.7895833333333333 0.40523809523809523 0.7854166666666667 0.41095238095238096 0.7803571428571429 0.42523809523809525 0.7761904761904762 0.42238095238095236 0.7782738095238095 0.4095238095238095 0.7720238095238096 0.4076190476190476 0.7696428571428572 0.4095238095238095 0.7663690476190477 0.4238095238095238 0.7622023809523809 0.42714285714285716 0.7610119047619047 0.42095238095238097 0.7648809523809523 0.40904761904761905 0.7773809523809524 0.3871428571428571 0.7764880952380953 0.3761904761904762 0.7791666666666667 0.36666666666666664 0.7785714285714286 0.35904761904761906 0.7797619047619048 0.3557142857142857 0.7830357142857143 0.35523809523809524
1 0.26607142857142857 0.3742857142857143 0.26904761904761904 0.37666666666666665 0.2693452380952381 0.3823809523809524 0.2613095238095238 0.4176190476190476 0.26398809523809524 0.4328571428571429 0.2577380952380952 0.4519047619047619 0.25892857142857145 0.46285714285714286 0.2556547619047619 0.4642857142857143 0.2511904761904762 0.46190476190476193 0.2494047619047619 0.45714285714285713 0.2520833333333333 0.43142857142857144 0.24464285714285713 0.4238095238095238 0.24136904761904762 0.41095238095238096 0.24821428571428572 0.3942857142857143 0.2657738095238095 0.3742857142857143
3 0.44910714285714287 0.3419047619047619 0.45029761904761906 0.32571428571428573 0.44583333333333336 0.3242857142857143 0.4461309523809524 0.31333333333333335 0.45625 0.29619047619047617 0.46339285714285716 0.2895238095238095 0.46845238095238095 0.2895238095238095 0.4705357142857143 0.2966666666666667 0.4669642857142857 0.3138095238095238 0.4726190476190476 0.33095238095238094 0.4726190476190476 0.3419047619047619 0.47470238095238093 0.3485714285714286 0.4669642857142857 0.3485714285714286 0.4666666666666667 0.3342857142857143 0.46398809523809526 0.32761904761904764 0.4601190476190476 0.32476190476190475 0.45535714285714285 0.3271428571428571 0.4556547619047619 0.3380952380952381 0.4529761904761905 0.3538095238095238 0.44910714285714287 0.35285714285714287 0.4494047619047619 0.3423809523809524
3 0.7098214285714286 0.4819047619047619 0.7119047619047619 0.48428571428571426 0.7125 0.4942857142857143 0.7193452380952381 0.5052380952380953 0.7223214285714286 0.5228571428571429 0.725297619047619 0.5290476190476191 0.7166666666666667 0.5323809523809524 0.7125 0.5871428571428572 0.70625 0.5880952380952381 0.7047619047619048 0.5852380952380952 0.7068452380952381 0.5728571428571428 0.70625 0.5633333333333334 0.7 0.570952380952381 0.6970238095238095 0.5814285714285714 0.6925595238095238 0.5823809523809523 0.6919642857142857 0.5785714285714286 0.6973214285714285 0.5561904761904762 0.6985119047619047 0.540952380952381 0.6985119047619047 0.5261904761904762 0.6931547619047619 0.5190476190476191 0.6934523809523809 0.5128571428571429 0.6970238095238095 0.5014285714285714 0.7038690476190477 0.4938095238095238 0.7050595238095239 0.48428571428571426 0.7095238095238096 0.48238095238095235
3 0.9169642857142857 0.19333333333333333 0.9235119047619048 0.20523809523809525 0.9255952380952381 0.21428571428571427 0.9258928571428572 0.22380952380952382 0.9223214285714286 0.23095238095238096 0.9226190476190477 0.24666666666666667 0.9264880952380953 0.26142857142857145 0.9255952380952381 0.26904761904761904 0.9220238095238096 0.26761904761904765 0.9202380952380952 0.26 0.9151785714285714 0.25523809523809526 0.9113095238095238 0.2652380952380952 0.90625 0.2652380952380952 0.9077380952380952 0.24428571428571427 0.9056547619047619 0.20952380952380953 0.9113095238095238 0.19476190476190477 0.9166666666666666 0.19333333333333333