0 0.6574404761904762 0.4666666666666667 0.6592261904761905 0.4719047619047619 0.656547619047619 0.4747619047619048 0.6517857142857143 0.47333333333333333 0.65 0.4680952380952381 0.6514880952380953 0.4657142857142857 0.6571428571428571 0.4666666666666667
2 0.7931547619047619 0.4123809523809524 0.7952380952380952 0.4142857142857143 0.7991071428571429 0.42857142857142855 0.8002976190476191 0.45285714285714285 0.8029761904761905 0.46285714285714286 0.8011904761904762 0.46904761904761905 0.8002976190476191 0.4704761904761905 0.7967261904761904 0.46523809523809523 0.7898809523809524 0.46476190476190476 0.7883928571428571 0.4604761904761905 0.7904761904761904 0.4147619047619048 0.7928571428571428 0.41285714285714287
2 0.45357142857142857 0.5514285714285714 0.45654761904761904 0.6352380952380953 0.45416666666666666 0.6390476190476191 0.45 0.6371428571428571 0.44970238095238096 0.6157142857142858 0.4461309523809524 0.6114285714285714 0.4357142857142857 0.6319047619047619 0.4318452380952381 0.6309523809523809 0.43452380952380953 0.6161904761904762 0.4386904761904762 0.6061904761904762 0.4392857142857143 0.5685714285714286 0.4473214285714286 0.5580952380952381 0.44910714285714287 0.5523809523809524 0.4532738095238095 0.5514285714285714
2 0.8392857142857143 0.5419047619047619 0.8494047619047619 0.5633333333333334 0.8461309523809524 0.5733333333333334 0.8491071428571428 0.5952380952380952 0.8616071428571429 0.6057142857142858 0.8633928571428572 0.6161904761904762 0.8625 0.6185714285714285 0.8571428571428571 0.6114285714285714 0.84375 0.6042857142857143 0.8398809523809524 0.6080952380952381 0.8357142857142857 0.6228571428571429 0.8324404761904762 0.6261904761904762 0.8264880952380952 0.6228571428571429 0.830952380952381 0.6171428571428571 0.8342261904761905 0.6019047619047619 0.8357142857142857 0.5819047619047619 0.8348214285714286 0.5604761904761905 0.8366071428571429 0.5538095238095239 0.8351190476190476 0.5447619047619048 0.8389880952380953 0.5419047619047619
2 0.5604166666666667 0.6433333333333333 0.5648809523809524 0.6538095238095238 0.562797619047619 0.6738095238095239 0.5639880952380952 0.6895238095238095 0.5726190476190476 0.7061904761904761 0.5714285714285714 0.709047619047619 0.5672619047619047 0.7080952380952381 0.5532738095238096 0.6933333333333334 0.549702380952381 0.699047619047619 0.5449404761904761 0.7166666666666667 0.5410714285714285 0.72 0.5369047619047619 0.7166666666666667 0.5401785714285714 0.709047619047619 0.5449404761904761 0.6842857142857143 0.5517857142857143 0.6342857142857142 0.5535714285714286 0.6309523809523809 0.5568452380952381 0.6319047619047619 0.5601190476190476 0.6433333333333333
2 0.6232142857142857 0.39380952380952383 0.6267857142857143 0.3942857142857143 0.6330357142857143 0.4038095238095238 0.6348214285714285 0.4276190476190476 0.6333333333333333 0.4319047619047619 0.6279761904761905 0.43142857142857144 0.6238095238095238 0.4257142857142857 0.6220238095238095 0.40476190476190477 0.6232142857142857 0.3942857142857143
2 0.5583333333333333 0.43047619047619046 0.5607142857142857 0.4423809523809524 0.5595238095238095 0.46285714285714286 0.5607142857142857 0.49952380952380954 0.5592261904761905 0.5014285714285714 0.5553571428571429 0.5009523809523809 0.5535714285714286 0.4976190476190476 0.5488095238095239 0.4666666666666667 0.5491071428571429 0.4561904761904762 0.5544642857142857 0.4319047619047619 0.5580357142857143 0.43047619047619046
2 0.7794642857142857 0.4533333333333333 0.7830357142857143 0.45285714285714285 0.7901785714285714 0.46714285714285714 0.7910714285714285 0.5004761904761905 0.7970238095238096 0.5142857142857142 0.7967261904761904 0.5185714285714286 0.7934523809523809 0.5195238095238095 0.7895833333333333 0.5119047619047619 0.7821428571428571 0.5066666666666667 0.7794642857142857 0.51 0.7758928571428572 0.5252380952380953 0.7726190476190476 0.5261904761904762 0.7711309523809524 0.5223809523809524 0.7741071428571429 0.5095238095238095 0.7761904761904762 0.49142857142857144 0.7758928571428572 0.47285714285714286 0.7794642857142857 0.45380952380952383
2 0.7273809523809524 0.46285714285714286 0.7282738095238095 0.53 0.7303571428571428 0.5361904761904762 0.7241071428571428 0.540952380952381 0.7196428571428571 0.5395238095238095 0.718452380952381 0.5361904761904762 0.7220238095238095 0.5185714285714286 0.7178571428571429 0.5014285714285714 0.7178571428571429 0.4838095238095238 0.7226190476190476 0.4657142857142857 0.7270833333333333 0.46285714285714286
2 0.6235119047619048 0.41904761904761906 0.6282738095238095 0.4328571428571429 0.6270833333333333 0.4676190476190476 0.624702380952381 0.4719047619047619 0.6208333333333333 0.4704761904761905 0.6172619047619048 0.46 0.6196428571428572 0.44571428571428573 0.6127976190476191 0.4380952380952381 0.6127976190476191 0.43476190476190474 0.618452380952381 0.42714285714285716 0.6196428571428572 0.42 0.6232142857142857 0.41904761904761906
2 0.6369047619047619 0.4380952380952381 0.6398809523809523 0.44571428571428573 0.6375 0.46714285714285714 0.6404761904761904 0.48428571428571426 0.6339285714285714 0.5 0.6318452380952381 0.4980952380952381 0.631547619047619 0.48142857142857143 0.6276785714285714 0.4738095238095238 0.6270833333333333 0.4423809523809524 0.6285714285714286 0.4319047619047619 0.6306547619047619 0.43 0.6336309523809524 0.42952380952380953 0.6366071428571428 0.4380952380952381
2 0.6446428571428572 0.39095238095238094 0.6494047619047619 0.3985714285714286 0.6508928571428572 0.44761904761904764 0.6473214285714286 0.44761904761904764 0.6440476190476191 0.43666666666666665 0.6401785714285714 0.43761904761904763 0.637797619047619 0.43333333333333335 0.6386904761904761 0.39714285714285713 0.6407738095238096 0.3923809523809524 0.6443452380952381 0.39095238095238094
2 0.9116071428571428 0.4419047619047619 0.9148809523809524 0.4452380952380952 0.9178571428571428 0.4633333333333333 0.9145833333333333 0.4980952380952381 0.9208333333333333 0.5161904761904762 0.91875 0.52 0.9113095238095238 0.5171428571428571 0.9092261904761905 0.5223809523809524 0.9053571428571429 0.5238095238095238 0.9023809523809524 0.5223809523809524 0.9041666666666667 0.5157142857142857 0.9032738095238095 0.4976190476190476 0.905952380952381 0.4776190476190476 0.9053571428571429 0.4666666666666667 0.9089285714285714 0.4438095238095238 0.9113095238095238 0.4419047619047619
2 0.8035714285714286 0.46190476190476193 0.8074404761904762 0.4638095238095238 0.8148809523809524 0.4838095238095238 0.8133928571428571 0.5066666666666667 0.819047619047619 0.5204761904761904 0.8178571428571428 0.5233333333333333 0.8136904761904762 0.5223809523809524 0.8133928571428571 0.5323809523809524 0.8089285714285714 0.5328571428571428 0.8080357142857143 0.5238095238095238 0.8035714285714286 0.5123809523809524 0.8029761904761905 0.4957142857142857 0.8002976190476191 0.4838095238095238 0.8014880952380953 0.46476190476190476 0.8032738095238096 0.4623809523809524
1 0.23065476190476192 0.41333333333333333 0.22738095238095238 0.43666666666666665 0.22142857142857142 0.45571428571428574 0.22232142857142856 0.4633333333333333 0.21369047619047618 0.46476190476190476 0.21011904761904762 0.47095238095238096 0.20654761904761904 0.4704761904761905 0.20625 0.4661904761904762 0.21041666666666667 0.45 0.20982142857142858 0.4357142857142857 0.21160714285714285 0.42857142857142855 0.2181547619047619 0.4180952380952381 0.23035714285714284 0.41333333333333333
3 0.8550595238095238 0.2947619047619048 0.8604166666666667 0.319047619047619 0.8598214285714286 0.3280952380952381 0.85625 0.3314285714285714 0.8482142857142857 0.32476190476190475 0.8464285714285714 0.30142857142857143 0.8488095238095238 0.2938095238095238 0.8547619047619047 0.2947619047619048
3 0.9678571428571429 0.4795238095238095 0.9720238095238095 0.48428571428571426 0.9755952380952381 0.4980952380952381 0.9747023809523809 0.5295238095238095 0.9833333333333333 0.5395238095238095 0.9809523809523809 0.5495238095238095 0.9770833333333333 0.5404761904761904 0.9738095238095238 0.5395238095238095 0.9732142857142857 0.5533333333333333 0.9702380952380952 0.5576190476190476 0.9678571428571429 0.5557142857142857 0.9678571428571429 0.5447619047619048 0.9642857142857143 0.5252380952380953 0.9642857142857143 0.4838095238095238 0.9675595238095238 0.4795238095238095