0 0.4148809523809524 0.45904761904761904 0.41964285714285715 0.46190476190476193 0.41964285714285715 0.46714285714285714 0.4133928571428571 0.4685714285714286 0.4125 0.4623809523809524 0.41458333333333336 0.4595238095238095
2 0.5431547619047619 0.38476190476190475 0.5535714285714286 0.3980952380952381 0.5535714285714286 0.42142857142857143 0.5642857142857143 0.42428571428571427 0.5654761904761905 0.42857142857142855 0.5532738095238096 0.42952380952380953 0.5470238095238096 0.42333333333333334 0.5434523809523809 0.4238095238095238 0.5398809523809524 0.44095238095238093 0.5348214285714286 0.439047619047619 0.5372023809523809 0.43476190476190474 0.5375 0.42095238095238097 0.5410714285714285 0.41285714285714287 0.5383928571428571 0.39714285714285713 0.5401785714285714 0.3871428571428571 0.5428571428571428 0.38476190476190475
2 0.8181547619047619 0.3557142857142857 0.8223214285714285 0.36523809523809525 0.8258928571428571 0.3923809523809524 0.8327380952380953 0.4004761904761905 0.8327380952380953 0.4038095238095238 0.8291666666666667 0.40523809523809523 0.8232142857142857 0.3985714285714286 0.8196428571428571 0.3980952380952381 0.8142857142857143 0.4142857142857143 0.8107142857142857 0.4142857142857143 0.8095238095238095 0.4114285714285714 0.8139880952380952 0.38476190476190475 0.8139880952380952 0.3580952380952381 0.8178571428571428 0.3557142857142857
2 0.2967261904761905 0.611904761904762 0.3014880952380952 0.6204761904761905 0.3086309523809524 0.6233333333333333 0.3119047619047619 0.650952380952381 0.30833333333333335 0.6614285714285715 0.31547619047619047 0.6823809523809524 0.3151785714285714 0.6923809523809524 0.30714285714285716 0.6942857142857143 0.30565476190476193 0.6828571428571428 0.2961309523809524 0.6680952380952381 0.2982142857142857 0.6466666666666666 0.29404761904761906 0.6152380952380953 0.29642857142857143 0.6123809523809524
2 0.39404761904761904 0.4638095238095238 0.3964285714285714 0.4714285714285714 0.40595238095238095 0.47714285714285715 0.4113095238095238 0.4838095238095238 0.4113095238095238 0.48857142857142855 0.40327380952380953 0.4861904761904762 0.4029761904761905 0.5 0.40476190476190477 0.5138095238095238 0.41577380952380955 0.5257142857142857 0.4148809523809524 0.5338095238095238 0.4113095238095238 0.5328571428571428 0.3976190476190476 0.5152380952380953 0.39375 0.5161904761904762 0.39404761904761904 0.530952380952381 0.38839285714285715 0.5304761904761904 0.38958333333333334 0.5247619047619048 0.3880952380952381 0.5085714285714286 0.3904761904761905 0.49666666666666665 0.3836309523809524 0.48857142857142855 0.38333333333333336 0.48428571428571426 0.38958333333333334 0.4738095238095238 0.3898809523809524 0.46476190476190476 0.39375 0.4638095238095238
2 0.8422619047619048 0.3961904761904762 0.8461309523809524 0.40095238095238095 0.8452380952380952 0.4080952380952381 0.8491071428571428 0.4204761904761905 0.8505952380952381 0.4452380952380952 0.8556547619047619 0.4595238095238095 0.8526785714285714 0.46190476190476193 0.8476190476190476 0.46095238095238095 0.8425595238095238 0.44904761904761903 0.8348214285714286 0.44333333333333336 0.8369047619047619 0.42952380952380953 0.8351190476190476 0.4114285714285714 0.8375 0.3980952380952381 0.8419642857142857 0.3961904761904762
2 0.3333333333333333 0.6780952380952381 0.3392857142857143 0.6880952380952381 0.3386904761904762 0.6976190476190476 0.3351190476190476 0.6966666666666667 0.31934523809523807 0.6676190476190477 0.3104166666666667 0.6666666666666666 0.3074404761904762 0.6623809523809524 0.3119047619047619 0.6476190476190476 0.3092261904761905 0.6266666666666667 0.31398809523809523 0.6133333333333333 0.31726190476190474 0.6123809523809524 0.3217261904761905 0.628095238095238 0.32202380952380955 0.6442857142857142 0.325 0.6628571428571428 0.33303571428571427 0.6780952380952381
2 0.7455357142857143 0.47523809523809524 0.7517857142857143 0.4819047619047619 0.7595238095238095 0.4990476190476191 0.7598214285714285 0.5161904761904762 0.7654761904761904 0.5361904761904762 0.7654761904761904 0.5395238095238095 0.7619047619047619 0.5414285714285715 0.7571428571428571 0.5404761904761904 0.7571428571428571 0.5333333333333333 0.7473214285714286 0.5223809523809524 0.749702380952381 0.5047619047619047 0.7395833333333334 0.47714285714285715 0.7452380952380953 0.47523809523809524
2 0.49910714285714286 0.39285714285714285 0.5050595238095238 0.4061904761904762 0.5077380952380952 0.42904761904761907 0.513095238095238 0.42857142857142855 0.5157738095238096 0.4357142857142857 0.5110119047619047 0.4361904761904762 0.5038690476190476 0.4442857142857143 0.5017857142857143 0.45285714285714285 0.4988095238095238 0.4561904761904762 0.49375 0.4542857142857143 0.4976190476190476 0.43 0.4961309523809524 0.4 0.4967261904761905 0.3942857142857143 0.4988095238095238 0.39285714285714285
2 0.7410714285714286 0.5347619047619048 0.7568452380952381 0.5452380952380952 0.762797619047619 0.5761904761904761 0.7758928571428572 0.5952380952380952 0.7732142857142857 0.5985714285714285 0.7696428571428572 0.5971428571428572 0.7568452380952381 0.5795238095238096 0.7514880952380952 0.5766666666666667 0.7479166666666667 0.5814285714285714 0.750297619047619 0.5985714285714285 0.7473214285714286 0.6009523809523809 0.74375 0.5995238095238096 0.7440476190476191 0.5914285714285714 0.7401785714285715 0.5742857142857143 0.7455357142857143 0.5638095238095238 0.7392857142857143 0.5571428571428572 0.7416666666666667 0.549047619047619 0.7377976190476191 0.539047619047619 0.7407738095238096 0.5352380952380953
2 0.7607142857142857 0.4342857142857143 0.7711309523809524 0.44571428571428573 0.7776785714285714 0.4747619047619048 0.7872023809523809 0.49142857142857144 0.7872023809523809 0.4980952380952381 0.7827380952380952 0.49714285714285716 0.7690476190476191 0.4780952380952381 0.7672619047619048 0.48095238095238096 0.76875 0.49142857142857144 0.7654761904761904 0.4938095238095238 0.7616071428571428 0.4876190476190476 0.7595238095238095 0.48095238095238096 0.7598214285714285 0.4633333333333333 0.7547619047619047 0.45666666666666667 0.7571428571428571 0.45285714285714285 0.7574404761904762 0.4361904761904762 0.7604166666666666 0.4342857142857143
2 0.9717261904761905 0.5338095238095238 0.9744047619047619 0.5447619047619048 0.9773809523809524 0.549047619047619 0.9776785714285714 0.5557142857142857 0.981547619047619 0.559047619047619 0.9803571428571428 0.5633333333333334 0.981547619047619 0.5804761904761905 0.9857142857142858 0.5838095238095238 0.9973214285714286 0.5842857142857143 0.999702380952381 0.5880952380952381 0.999702380952381 0.5957142857142858 0.9845238095238096 0.5966666666666667 0.9773809523809524 0.5928571428571429 0.9738095238095238 0.5857142857142857 0.968452380952381 0.590952380952381 0.96875 0.6066666666666667 0.9663690476190476 0.6138095238095238 0.9565476190476191 0.6138095238095238 0.9544642857142858 0.6071428571428571 0.95625 0.6033333333333334 0.9619047619047619 0.6042857142857143 0.9616071428571429 0.5866666666666667 0.9693452380952381 0.5738095238095238 0.9660714285714286 0.5628571428571428 0.9675595238095238 0.5580952380952381 0.9651785714285714 0.5376190476190477 0.9675595238095238 0.5328571428571428 0.9714285714285714 0.5338095238095238
3 0.8982142857142857 0.46904761904761905 0.9053571428571429 0.48523809523809525 0.90625 0.5104761904761905 0.9151785714285714 0.5133333333333333 0.9181547619047619 0.5185714285714286 0.9014880952380953 0.5219047619047619 0.8985119047619048 0.5376190476190477 0.8955357142857143 0.54 0.8895833333333333 0.5395238095238095 0.8961309523809524 0.5052380952380953 0.8928571428571429 0.4866666666666667 0.8925595238095239 0.4704761904761905 0.8979166666666667 0.46904761904761905
3 0.6205357142857143 0.3061904761904762 0.6238095238095238 0.31047619047619046 0.6255952380952381 0.319047619047619 0.625297619047619 0.3476190476190476 0.6208333333333333 0.35285714285714287 0.6172619047619048 0.34904761904761905 0.61875 0.3280952380952381 0.6157738095238096 0.31285714285714283 0.6166666666666667 0.30714285714285716 0.6202380952380953 0.3061904761904762