0 0.5098214285714285 0.5728571428571428 0.5125 0.5757142857142857 0.5122023809523809 0.5795238095238096 0.5098214285714285 0.580952380952381 0.5056547619047619 0.5780952380952381 0.506547619047619 0.5738095238095238 0.5095238095238095 0.5728571428571428
2 0.8211309523809524 0.4004761904761905 0.8244047619047619 0.4061904761904762 0.8214285714285714 0.4480952380952381 0.8139880952380952 0.44666666666666666 0.8125 0.44333333333333336 0.8145833333333333 0.40476190476190477 0.8175595238095238 0.4004761904761905 0.8208333333333333 0.4004761904761905
2 0.22678571428571428 0.6404761904761904 0.225 0.7138095238095238 0.22380952380952382 0.7157142857142857 0.21845238095238095 0.7133333333333334 0.21696428571428572 0.7019047619047619 0.21339285714285713 0.7228571428571429 0.20833333333333334 0.7219047619047619 0.20714285714285716 0.7128571428571429 0.21428571428571427 0.6561904761904762 0.22142857142857142 0.6414285714285715 0.22648809523809524 0.6404761904761904
2 0.66875 0.36904761904761907 0.6714285714285714 0.3742857142857143 0.6705357142857142 0.4076190476190476 0.6678571428571428 0.41 0.6642857142857143 0.40523809523809523 0.6577380952380952 0.4119047619047619 0.655952380952381 0.40714285714285714 0.6607142857142857 0.39904761904761904 0.6645833333333333 0.3757142857142857 0.6684523809523809 0.36904761904761907
2 0.3836309523809524 0.7509523809523809 0.3860119047619048 0.7561904761904762 0.38095238095238093 0.7904761904761904 0.3836309523809524 0.8033333333333333 0.38392857142857145 0.8242857142857143 0.3800595238095238 0.8252380952380952 0.375 0.8214285714285714 0.3755952380952381 0.8066666666666666 0.37351190476190477 0.8028571428571428 0.36607142857142855 0.8052380952380952 0.3556547619047619 0.820952380952381 0.35208333333333336 0.8223809523809524 0.35059523809523807 0.819047619047619 0.35535714285714287 0.8071428571428572 0.36220238095238094 0.7980952380952381 0.3729166666666667 0.7657142857142857 0.3800595238095238 0.7528571428571429 0.38333333333333336 0.7514285714285714
2 0.03630952380952381 0.5076190476190476 0.040773809523809525 0.5157142857142857 0.043154761904761904 0.5361904761904762 0.04107142857142857 0.5438095238095239 0.03988095238095238 0.5723809523809524 0.03630952380952381 0.5742857142857143 0.030357142857142857 0.5652380952380952 0.027678571428571427 0.5361904761904762 0.029464285714285714 0.5161904761904762 0.03601190476190476 0.508095238095238
2 0.7827380952380952 0.569047619047619 0.7895833333333333 0.5814285714285714 0.7925595238095238 0.6014285714285714 0.7898809523809524 0.6152380952380953 0.7913690476190476 0.6328571428571429 0.7872023809523809 0.638095238095238 0.7845238095238095 0.6366666666666667 0.7845238095238095 0.63 0.7794642857142857 0.6166666666666667 0.7806547619047619 0.5866666666666667 0.7788690476190476 0.5704761904761905 0.7824404761904762 0.569047619047619
2 0.4949404761904762 0.5333333333333333 0.5005952380952381 0.5457142857142857 0.5014880952380952 0.5533333333333333 0.49107142857142855 0.5861904761904762 0.4851190476190476 0.5923809523809523 0.4824404761904762 0.5914285714285714 0.48214285714285715 0.5847619047619048 0.49107142857142855 0.5357142857142857 0.49464285714285716 0.5333333333333333
2 0.10952380952380952 0.6023809523809524 0.10922619047619048 0.63 0.11190476190476191 0.6742857142857143 0.10982142857142857 0.6780952380952381 0.1056547619047619 0.6766666666666666 0.10238095238095238 0.67 0.09613095238095239 0.6766666666666666 0.09285714285714286 0.6719047619047619 0.09910714285714285 0.6576190476190477 0.0988095238095238 0.6185714285714285 0.10476190476190476 0.6028571428571429 0.10922619047619048 0.6023809523809524
2 0.08482142857142858 0.5 0.0880952380952381 0.5038095238095238 0.08958333333333333 0.5266666666666666 0.09375 0.5414285714285715 0.09285714285714286 0.5633333333333334 0.08482142857142858 0.5680952380952381 0.08125 0.5680952380952381 0.07916666666666666 0.5638095238095238 0.07916666666666666 0.5152380952380953 0.08154761904761905 0.5042857142857143 0.08452380952380953 0.5004761904761905
2 0.2851190476190476 0.7619047619047619 0.2830357142857143 0.7538095238095238 0.2892857142857143 0.7376190476190476 0.2898809523809524 0.7185714285714285 0.2931547619047619 0.7047619047619048 0.29345238095238096 0.6933333333333334 0.30297619047619045 0.6747619047619048 0.30625 0.6785714285714286 0.30565476190476193 0.7047619047619048 0.30178571428571427 0.7147619047619047 0.30297619047619045 0.7347619047619047 0.29196428571428573 0.7495238095238095 0.28958333333333336 0.7552380952380953 0.2898809523809524 0.7619047619047619 0.28541666666666665 0.7619047619047619
2 0.85625 0.5661904761904762 0.8660714285714286 0.579047619047619 0.8702380952380953 0.599047619047619 0.8708333333333333 0.6161904761904762 0.8758928571428571 0.6257142857142857 0.8758928571428571 0.6295238095238095 0.8732142857142857 0.6314285714285715 0.8607142857142858 0.6161904761904762 0.8601190476190477 0.5952380952380952 0.8526785714285714 0.5847619047619048 0.8544642857142857 0.5676190476190476 0.8559523809523809 0.5661904761904762
2 0.5794642857142858 0.6704761904761904 0.580952380952381 0.6714285714285714 0.5815476190476191 0.68 0.5860119047619048 0.6866666666666666 0.587202380952381 0.700952380952381 0.5824404761904762 0.7080952380952381 0.5747023809523809 0.7480952380952381 0.5648809523809524 0.75 0.5636904761904762 0.7438095238095238 0.56875 0.73 0.5696428571428571 0.7171428571428572 0.5642857142857143 0.7019047619047619 0.5642857142857143 0.6961904761904761 0.5684523809523809 0.6861904761904762 0.5744047619047619 0.679047619047619 0.5758928571428571 0.6714285714285714 0.5791666666666667 0.6704761904761904
2 0.2976190476190476 0.4076190476190476 0.3005952380952381 0.4147619047619048 0.30089285714285713 0.43 0.2967261904761905 0.4623809523809524 0.2931547619047619 0.4595238095238095 0.2898809523809524 0.42 0.2931547619047619 0.4104761904761905 0.29732142857142857 0.4076190476190476
2 0.4011904761904762 0.6257142857142857 0.40773809523809523 0.6423809523809524 0.4080357142857143 0.6552380952380953 0.40327380952380953 0.6680952380952381 0.40089285714285716 0.7 0.3931547619047619 0.699047619047619 0.3904761904761905 0.71 0.38720238095238096 0.7095238095238096 0.3860119047619048 0.7028571428571428 0.3931547619047619 0.6814285714285714 0.38898809523809524 0.6471428571428571 0.40089285714285716 0.6257142857142857
2 0.3976190476190476 0.5047619047619047 0.40089285714285716 0.5057142857142857 0.4038690476190476 0.5252380952380953 0.40267857142857144 0.5538095238095239 0.40089285714285716 0.560952380952381 0.3949404761904762 0.5628571428571428 0.3904761904761905 0.5685714285714286 0.38839285714285715 0.5652380952380952 0.38898809523809524 0.5571428571428572 0.3925595238095238 0.5471428571428572 0.3904761904761905 0.5195238095238095 0.39732142857142855 0.5052380952380953
2 0.2556547619047619 0.4261904761904762 0.25744047619047616 0.4380952380952381 0.25744047619047616 0.47523809523809524 0.2550595238095238 0.48095238095238096 0.24970238095238095 0.4738095238095238 0.2443452380952381 0.4780952380952381 0.24196428571428572 0.47714285714285715 0.24136904761904762 0.47333333333333333 0.24642857142857144 0.4580952380952381 0.24791666666666667 0.439047619047619 0.2517857142857143 0.4280952380952381 0.25535714285714284 0.4261904761904762
2 0.5818452380952381 0.5238095238095238 0.5848214285714286 0.5252380952380953 0.5883928571428572 0.5328571428571428 0.5910714285714286 0.5576190476190476 0.5889880952380953 0.5814285714285714 0.5815476190476191 0.5904761904761905 0.5776785714285714 0.5880952380952381 0.5782738095238096 0.5666666666666667 0.5815476190476191 0.5485714285714286 0.5794642857142858 0.5271428571428571 0.5815476190476191 0.5238095238095238
2 0.3455357142857143 0.37142857142857144 0.350297619047619 0.3871428571428571 0.34732142857142856 0.39476190476190476 0.3488095238095238 0.41619047619047617 0.34523809523809523 0.41523809523809524 0.3419642857142857 0.4080952380952381 0.33839285714285716 0.4147619047619048 0.33482142857142855 0.41523809523809524 0.33839285714285716 0.4004761904761905 0.33839285714285716 0.3838095238095238 0.34523809523809523 0.37142857142857144
2 0.32470238095238096 0.38 0.32708333333333334 0.42 0.3255952380952381 0.42428571428571427 0.31785714285714284 0.4276190476190476 0.3157738095238095 0.4261904761904762 0.31547619047619047 0.4204761904761905 0.3181547619047619 0.3904761904761905 0.32083333333333336 0.38142857142857145 0.3244047619047619 0.38
2 0.2726190476190476 0.49 0.27440476190476193 0.49333333333333335 0.275 0.5142857142857142 0.2800595238095238 0.55 0.2773809523809524 0.5514285714285714 0.274702380952381 0.55 0.2726190476190476 0.5404761904761904 0.26904761904761904 0.5376190476190477 0.2636904761904762 0.55 0.2604166666666667 0.5471428571428572 0.26517857142857143 0.5252380952380953 0.26666666666666666 0.5014285714285714 0.27232142857142855 0.49
3 0.4431547619047619 0.48523809523809525 0.4455357142857143 0.4876190476190476 0.44583333333333336 0.49666666666666665 0.4425595238095238 0.5271428571428571 0.4357142857142857 0.5380952380952381 0.4297619047619048 0.5290476190476191 0.43392857142857144 0.5214285714285715 0.4363095238095238 0.4980952380952381 0.44285714285714284 0.48523809523809525
3 0.9321428571428572 0.8652380952380953 0.9357142857142857 0.8671428571428571 0.9380952380952381 0.8752380952380953 0.9443452380952381 0.8838095238095238 0.9482142857142857 0.8985714285714286 0.9473214285714285 0.9147619047619048 0.94375 0.9214285714285714 0.9392857142857143 0.9480952380952381 0.9339285714285714 0.9347619047619048 0.9258928571428572 0.9319047619047619 0.9223214285714286 0.9219047619047619 0.9217261904761904 0.8895238095238095 0.9318452380952381 0.8657142857142858
3 0.51875 0.8280952380952381 0.5205357142857143 0.8319047619047619 0.5217261904761905 0.8761904761904762 0.5178571428571429 0.8828571428571429 0.5136904761904761 0.9180952380952381 0.5148809523809523 0.9342857142857143 0.5136904761904761 0.939047619047619 0.5056547619047619 0.94 0.5035714285714286 0.9361904761904762 0.50625 0.8990476190476191 0.5035714285714286 0.8842857142857142 0.5038690476190476 0.8585714285714285 0.5050595238095238 0.8504761904761905 0.513095238095238 0.8385714285714285 0.5139880952380952 0.8314285714285714 0.518452380952381 0.8285714285714286