0 0.5136904761904761 0.44142857142857145 0.5169642857142858 0.44761904761904764 0.512797619047619 0.45095238095238094 0.5089285714285714 0.45 0.5083333333333333 0.44476190476190475 0.5133928571428571 0.44142857142857145
2 0.9422619047619047 0.44095238095238093 0.9425595238095238 0.4519047619047619 0.9389880952380952 0.45285714285714285 0.9354166666666667 0.4423809523809524 0.9288690476190476 0.4552380952380952 0.9238095238095239 0.4542857142857143 0.9273809523809524 0.4438095238095238 0.9291666666666667 0.42952380952380953 0.9288690476190476 0.41714285714285715 0.9252976190476191 0.4114285714285714 0.9285714285714286 0.40523809523809523 0.9321428571428572 0.38571428571428573 0.9348214285714286 0.3838095238095238 0.9407738095238095 0.3976190476190476 0.944047619047619 0.41523809523809524 0.9398809523809524 0.42714285714285716 0.9419642857142857 0.44095238095238093
2 0.6363095238095238 0.34476190476190477 0.6404761904761904 0.3942857142857143 0.6369047619047619 0.39380952380952383 0.6294642857142857 0.3761904761904762 0.6244047619047619 0.35619047619047617 0.6244047619047619 0.34809523809523807 0.6264880952380952 0.3442857142857143 0.6360119047619047 0.34476190476190477
2 0.27782738095238096 0.435 0.020535714285714286 0.07
2 0.8008928571428572 0.4676190476190476 0.8071428571428572 0.48238095238095235 0.8098214285714286 0.5042857142857143 0.8068452380952381 0.5190476190476191 0.8104166666666667 0.5423809523809524 0.8089285714285714 0.5466666666666666 0.8032738095238096 0.5466666666666666 0.8032738095238096 0.5361904761904762 0.8002976190476191 0.5266666666666666 0.7964285714285714 0.5319047619047619 0.7934523809523809 0.5433333333333333 0.7883928571428571 0.5433333333333333 0.7860119047619047 0.5404761904761904 0.7913690476190476 0.5304761904761904 0.794047619047619 0.5095238095238095 0.7934523809523809 0.5042857142857143 0.787797619047619 0.5047619047619047 0.7946428571428571 0.49142857142857144 0.7967261904761904 0.4685714285714286 0.8005952380952381 0.4676190476190476
2 0.513095238095238 0.39285714285714285 0.525 0.4076190476190476 0.5264880952380953 0.42857142857142855 0.5321428571428571 0.44 0.5294642857142857 0.44476190476190475 0.5220238095238096 0.44047619047619047 0.5169642857142858 0.44857142857142857 0.5122023809523809 0.4504761904761905 0.5086309523809524 0.4461904761904762 0.5151785714285714 0.42142857142857143 0.5089285714285714 0.39714285714285713 0.5098214285714285 0.39380952380952383 0.512797619047619 0.39285714285714285
2 0.35625 0.3852380952380952 0.36041666666666666 0.3871428571428571 0.36488095238095236 0.40095238095238095 0.3645833333333333 0.44333333333333336 0.36279761904761904 0.44571428571428573 0.35267857142857145 0.4319047619047619 0.3508928571428571 0.39904761904761904 0.35595238095238096 0.3852380952380952
2 0.5544642857142857 0.3942857142857143 0.5678571428571428 0.4076190476190476 0.5642857142857143 0.4114285714285714 0.5648809523809524 0.4195238095238095 0.5717261904761904 0.43952380952380954 0.5639880952380952 0.44666666666666666 0.5604166666666667 0.44571428571428573 0.55 0.4119047619047619 0.5502976190476191 0.39476190476190476 0.5541666666666667 0.3942857142857143
2 0.11755952380952381 0.5252380952380953 0.12113095238095238 0.530952380952381 0.12172619047619047 0.5742857142857143 0.11845238095238095 0.6195238095238095 0.11636904761904762 0.6214285714285714 0.10922619047619048 0.6176190476190476 0.10803571428571429 0.5871428571428572 0.10446428571428572 0.570952380952381 0.10386904761904762 0.5547619047619048 0.11279761904761905 0.5347619047619048 0.11458333333333333 0.5261904761904762 0.11726190476190476 0.5252380952380953
2 0.9610119047619048 0.51 0.9633928571428572 0.5114285714285715 0.9669642857142857 0.5252380952380953 0.9708333333333333 0.5680952380952381 0.9776785714285714 0.5919047619047619 0.9773809523809524 0.5952380952380952 0.9744047619047619 0.5971428571428572 0.9693452380952381 0.5952380952380952 0.9699404761904762 0.5847619047619048 0.9633928571428572 0.5714285714285714 0.9583333333333334 0.5723809523809524 0.9544642857142858 0.5928571428571429 0.9461309523809524 0.5919047619047619 0.9497023809523809 0.5852380952380952 0.9529761904761904 0.5538095238095239 0.9565476190476191 0.5433333333333333 0.9571428571428572 0.5119047619047619 0.9607142857142857 0.51
2 0.43214285714285716 0.6757142857142857 0.4357142857142857 0.6771428571428572 0.4375 0.6871428571428572 0.444047619047619 0.7004761904761905 0.44583333333333336 0.7433333333333333 0.4485119047619048 0.75 0.46041666666666664 0.7652380952380953 0.4589285714285714 0.7752380952380953 0.45416666666666666 0.7766666666666666 0.4532738095238095 0.7685714285714286 0.44970238095238096 0.7638095238095238 0.44702380952380955 0.7657142857142857 0.4455357142857143 0.7742857142857142 0.4425595238095238 0.7752380952380953 0.43898809523809523 0.7695238095238095 0.43214285714285716 0.7390476190476191 0.43125 0.7252380952380952 0.42529761904761904 0.7171428571428572 0.4255952380952381 0.7019047619047619 0.4303571428571429 0.689047619047619 0.4297619047619048 0.680952380952381 0.4318452380952381 0.6761904761904762
2 0.4154761904761905 0.3238095238095238 0.42083333333333334 0.32904761904761903 0.4220238095238095 0.3352380952380952 0.4217261904761905 0.36 0.4238095238095238 0.37047619047619046 0.41845238095238096 0.37714285714285717 0.4160714285714286 0.3761904761904762 0.41369047619047616 0.3566666666666667 0.4089285714285714 0.3380952380952381 0.4113095238095238 0.32761904761904764 0.41517857142857145 0.3238095238095238
2 0.31547619047619047 0.4585714285714286 0.3175595238095238 0.4595238095238095 0.31875 0.46714285714285714 0.3244047619047619 0.4776190476190476 0.32857142857142857 0.5047619047619047 0.33839285714285716 0.5261904761904762 0.33839285714285716 0.5319047619047619 0.33690476190476193 0.5328571428571428 0.3318452380952381 0.53 0.3244047619047619 0.5138095238095238 0.32261904761904764 0.518095238095238 0.32261904761904764 0.5285714285714286 0.31934523809523807 0.5290476190476191 0.3107142857142857 0.48857142857142855 0.3038690476190476 0.5004761904761905 0.30297619047619045 0.49857142857142855 0.3053571428571429 0.4804761904761905 0.3113095238095238 0.46904761904761905 0.31220238095238095 0.46 0.3151785714285714 0.4585714285714286
2 0.5273809523809524 0.37476190476190474 0.5324404761904762 0.3838095238095238 0.5372023809523809 0.40190476190476193 0.5395833333333333 0.42523809523809525 0.5366071428571428 0.42904761904761907 0.5330357142857143 0.42857142857142855 0.5252976190476191 0.4142857142857143 0.5223214285714286 0.3761904761904762 0.525 0.37285714285714283 0.5270833333333333 0.37476190476190474
2 0.3523809523809524 0.37142857142857144 0.35535714285714287 0.37285714285714283 0.35625 0.379047619047619 0.35595238095238096 0.3904761904761905 0.3514880952380952 0.40095238095238095 0.3535714285714286 0.43238095238095237 0.3488095238095238 0.4338095238095238 0.3470238095238095 0.4166666666666667 0.3419642857142857 0.4061904761904762 0.34464285714285714 0.38666666666666666 0.35208333333333336 0.3719047619047619
2 0.5744047619047619 0.39380952380952383 0.5833333333333334 0.4147619047619048 0.5848214285714286 0.42523809523809525 0.5818452380952381 0.4452380952380952 0.5830357142857143 0.46285714285714286 0.5747023809523809 0.4685714285714286 0.5708333333333333 0.46714285714285714 0.5735119047619047 0.4595238095238095 0.5720238095238095 0.4423809523809524 0.5744047619047619 0.42428571428571427 0.5702380952380952 0.4042857142857143 0.5711309523809524 0.3942857142857143 0.5741071428571428 0.39380952380952383
2 0.4529761904761905 0.46095238095238095 0.4556547619047619 0.4695238095238095 0.46339285714285716 0.4804761904761905 0.4625 0.5033333333333333 0.4654761904761905 0.5361904761904762 0.4625 0.5380952380952381 0.4529761904761905 0.5347619047619048 0.4488095238095238 0.5028571428571429 0.44583333333333336 0.49523809523809526 0.4461309523809524 0.47714285714285715 0.4494047619047619 0.4704761904761905 0.44970238095238096 0.46285714285714286 0.45267857142857143 0.4614285714285714
2 0.5145833333333333 0.33166666666666667 0.010714285714285714 0.05476190476190476
2 0.8282738095238096 0.4123809523809524 0.8351190476190476 0.4338095238095238 0.8407738095238095 0.48142857142857143 0.8389880952380953 0.4847619047619048 0.8354166666666667 0.4838095238095238 0.830952380952381 0.4704761904761905 0.8282738095238096 0.4742857142857143 0.8267857142857142 0.4847619047619048 0.8229166666666666 0.4880952380952381 0.8205357142857143 0.4876190476190476 0.8205357142857143 0.48333333333333334 0.825595238095238 0.45095238095238094 0.8238095238095238 0.4328571428571429 0.8258928571428571 0.42142857142857143 0.8241071428571428 0.4142857142857143 0.8279761904761904 0.4123809523809524
3 0.4669642857142857 0.29 0.4711309523809524 0.2957142857142857 0.4705357142857143 0.30857142857142855 0.47410714285714284 0.32285714285714284 0.4738095238095238 0.3380952380952381 0.47023809523809523 0.3352380952380952 0.46398809523809526 0.3219047619047619 0.45714285714285713 0.3361904761904762 0.45535714285714285 0.33476190476190476 0.4589285714285714 0.31285714285714283 0.45863095238095236 0.29333333333333333 0.4666666666666667 0.29
3 0.6443452380952381 0.43952380952380954 0.6508928571428572 0.45 0.6523809523809524 0.4595238095238095 0.6523809523809524 0.5128571428571429 0.6508928571428572 0.5171428571428571 0.6470238095238096 0.5190476190476191 0.643154761904762 0.5185714285714286 0.6416666666666667 0.4857142857142857 0.6419642857142858 0.4419047619047619 0.6440476190476191 0.43952380952380954