0 0.7797619047619048 0.42095238095238097 0.7818452380952381 0.4261904761904762 0.7779761904761905 0.430952380952381 0.7720238095238096 0.43047619047619046 0.7702380952380953 0.4247619047619048 0.7729166666666667 0.4204761904761905 0.7794642857142857 0.42095238095238097
2 0.8279761904761904 0.370952380952381 0.8315476190476191 0.37238095238095237 0.8452380952380952 0.38952380952380955 0.8419642857142857 0.4076190476190476 0.8461309523809524 0.42095238095238097 0.8571428571428571 0.439047619047619 0.8571428571428571 0.4452380952380952 0.8535714285714285 0.44571428571428573 0.8505952380952381 0.439047619047619 0.8449404761904762 0.43523809523809526 0.8389880952380953 0.42333333333333334 0.8351190476190476 0.4204761904761905 0.8318452380952381 0.4219047619047619 0.8336309523809524 0.43238095238095237 0.8315476190476191 0.43952380952380954 0.8244047619047619 0.4361904761904762 0.8202380952380952 0.4204761904761905 0.8244047619047619 0.40476190476190477 0.8244047619047619 0.3738095238095238 0.8276785714285714 0.37142857142857144
2 0.4532738095238095 0.43238095238095237 0.4550595238095238 0.43476190476190474 0.4583333333333333 0.48428571428571426 0.46190476190476193 0.5 0.46041666666666664 0.5142857142857142 0.46190476190476193 0.5261904761904762 0.4595238095238095 0.5280952380952381 0.4550595238095238 0.5257142857142857 0.4550595238095238 0.5042857142857143 0.45148809523809524 0.5 0.4488095238095238 0.5023809523809524 0.4461309523809524 0.5266666666666666 0.44434523809523807 0.5295238095238095 0.44107142857142856 0.5271428571428571 0.44285714285714284 0.5014285714285714 0.4401785714285714 0.4614285714285714 0.4425595238095238 0.44952380952380955 0.44821428571428573 0.44095238095238093 0.44910714285714287 0.43333333333333335 0.4529761904761905 0.43238095238095237
2 0.46726190476190477 0.41714285714285715 0.4705357142857143 0.42238095238095236 0.47023809523809523 0.4442857142857143 0.46785714285714286 0.45285714285714285 0.47023809523809523 0.4819047619047619 0.46845238095238095 0.4976190476190476 0.4666666666666667 0.5004761904761905 0.4636904761904762 0.49857142857142855 0.4630952380952381 0.48095238095238096 0.4589285714285714 0.47523809523809524 0.4574404761904762 0.4685714285714286 0.4550595238095238 0.43523809523809526 0.4669642857142857 0.41714285714285715
2 0.649702380952381 0.39714285714285713 0.6511904761904762 0.40904761904761905 0.656547619047619 0.4180952380952381 0.6583333333333333 0.4319047619047619 0.6577380952380952 0.4380952380952381 0.6541666666666667 0.43761904761904763 0.6526785714285714 0.4419047619047619 0.6541666666666667 0.47714285714285715 0.6532738095238095 0.4838095238095238 0.6511904761904762 0.4857142857142857 0.6473214285714286 0.4657142857142857 0.6443452380952381 0.4828571428571429 0.6407738095238096 0.48095238095238096 0.637797619047619 0.43523809523809526 0.6342261904761904 0.42523809523809525 0.6351190476190476 0.4180952380952381 0.643154761904762 0.4066666666666667 0.6449404761904762 0.3976190476190476 0.6494047619047619 0.39714285714285713
2 0.9845238095238096 0.4438095238095238 0.9866071428571429 0.44666666666666666 0.9875 0.45571428571428574 0.9952380952380953 0.4680952380952381 0.9946428571428572 0.47619047619047616 0.9919642857142857 0.4795238095238095 0.9907738095238096 0.4876190476190476 0.9910714285714286 0.5485714285714286 0.9883928571428572 0.5523809523809524 0.9803571428571428 0.5476190476190477 0.9755952380952381 0.5095238095238095 0.9755952380952381 0.49047619047619045 0.9735119047619047 0.48428571428571426 0.9797619047619047 0.44666666666666666 0.9842261904761904 0.4438095238095238
2 0.24523809523809523 0.5338095238095238 0.2467261904761905 0.5357142857142857 0.24583333333333332 0.55 0.2505952380952381 0.5676190476190476 0.25744047619047616 0.5780952380952381 0.25535714285714284 0.5823809523809523 0.24821428571428572 0.5823809523809523 0.2467261904761905 0.5904761904761905 0.25416666666666665 0.6123809523809524 0.2544642857142857 0.6433333333333333 0.2592261904761905 0.6542857142857142 0.25357142857142856 0.6557142857142857 0.24910714285714286 0.6528571428571428 0.24732142857142858 0.6252380952380953 0.24464285714285713 0.62 0.2244047619047619 0.6595238095238095 0.22172619047619047 0.6471428571428571 0.23482142857142857 0.6228571428571429 0.23511904761904762 0.6019047619047619 0.23273809523809524 0.5752380952380952 0.23065476190476192 0.5728571428571428 0.2288690476190476 0.5757142857142857 0.22410714285714287 0.5961904761904762 0.22172619047619047 0.5919047619047619 0.2226190476190476 0.5780952380952381 0.22738095238095238 0.5647619047619048 0.2386904761904762 0.5495238095238095 0.23958333333333334 0.5361904761904762 0.24494047619047618 0.5338095238095238
2 0.42589285714285713 0.4166666666666667 0.42916666666666664 0.4195238095238095 0.43214285714285716 0.4142857142857143 0.4330357142857143 0.4180952380952381 0.43392857142857144 0.42857142857142855 0.4276785714285714 0.430952380952381 0.42678571428571427 0.43666666666666665 0.42916666666666664 0.46190476190476193 0.4336309523809524 0.47714285714285715 0.43214285714285716 0.4795238095238095 0.4288690476190476 0.4776190476190476 0.4255952380952381 0.46904761904761905 0.4238095238095238 0.4695238095238095 0.41845238095238096 0.4876190476190476 0.4181547619047619 0.4976190476190476 0.4148809523809524 0.4961904761904762 0.412797619047619 0.4880952380952381 0.4181547619047619 0.4661904761904762 0.41369047619047616 0.43523809523809526 0.41160714285714284 0.430952380952381 0.40982142857142856 0.4328571428571429 0.4074404761904762 0.44761904761904764 0.4056547619047619 0.4342857142857143 0.40773809523809523 0.4238095238095238 0.41636904761904764 0.4123809523809524 0.41845238095238096 0.40523809523809523 0.4220238095238095 0.4042857142857143 0.4255952380952381 0.4166666666666667
2 0.6425595238095239 0.5333333333333333 0.6440476190476191 0.5342857142857143 0.6452380952380953 0.5452380952380952 0.6532738095238095 0.5533333333333333 0.6580357142857143 0.5695238095238095 0.6583333333333333 0.5919047619047619 0.6520833333333333 0.6190476190476191 0.6583333333333333 0.6480952380952381 0.6577380952380952 0.6566666666666666 0.6550595238095238 0.659047619047619 0.6508928571428572 0.6576190476190477 0.6473214285714286 0.6504761904761904 0.6464285714285715 0.6390476190476191 0.6404761904761904 0.6142857142857143 0.6395833333333333 0.5876190476190476 0.6333333333333333 0.5742857142857143 0.6336309523809524 0.5557142857142857 0.6375 0.5466666666666666 0.6383928571428571 0.5357142857142857 0.6422619047619048 0.5333333333333333
2 0.6663690476190476 0.54 0.6675595238095238 0.5528571428571428 0.6752976190476191 0.5628571428571428 0.6797619047619048 0.5804761904761905 0.6785714285714286 0.5938095238095238 0.674404761904762 0.599047619047619 0.6752976190476191 0.6542857142857142 0.6720238095238096 0.6561904761904762 0.6702380952380952 0.6542857142857142 0.66875 0.6247619047619047 0.6660714285714285 0.6152380952380953 0.6622023809523809 0.6152380952380953 0.6598214285714286 0.6195238095238095 0.6577380952380952 0.6504761904761904 0.6541666666666667 0.6371428571428571 0.6586309523809524 0.59 0.6574404761904762 0.56 0.6604166666666667 0.5533333333333333 0.6613095238095238 0.5404761904761904 0.6660714285714285 0.54
2 0.8041666666666667 0.36857142857142855 0.8116071428571429 0.38857142857142857 0.8104166666666667 0.4147619047619048 0.8175595238095238 0.4180952380952381 0.8184523809523809 0.42142857142857143 0.80625 0.4257142857142857 0.8038690476190476 0.43666666666666665 0.799702380952381 0.43666666666666665 0.7982142857142858 0.4328571428571429 0.8 0.4023809523809524 0.7985119047619048 0.37523809523809526 0.8002976190476191 0.36904761904761907 0.8038690476190476 0.36857142857142855
3 0.2904761904761905 0.3557142857142857 0.29136904761904764 0.36047619047619045 0.2869047619047619 0.38285714285714284 0.287797619047619 0.41095238095238096 0.2794642857142857 0.4180952380952381 0.27589285714285716 0.4157142857142857 0.2773809523809524 0.39476190476190476 0.27113095238095236 0.3838095238095238 0.27113095238095236 0.37952380952380954 0.2726190476190476 0.37333333333333335 0.2794642857142857 0.3638095238095238 0.28660714285714284 0.3557142857142857 0.29017857142857145 0.3557142857142857
3 0.5020833333333333 0.2719047619047619 0.5095238095238095 0.28285714285714286 0.5122023809523809 0.3061904761904762 0.5119047619047619 0.32476190476190475 0.5071428571428571 0.3242857142857143 0.5050595238095238 0.31285714285714283 0.5017857142857143 0.3219047619047619 0.4928571428571429 0.3242857142857143 0.49702380952380953 0.30857142857142855 0.4973214285714286 0.2814285714285714 0.4994047619047619 0.2733333333333333 0.5017857142857143 0.2719047619047619
3 0.7895833333333333 0.4861904761904762 0.7967261904761904 0.49714285714285716 0.7982142857142858 0.5052380952380953 0.794047619047619 0.5176190476190476 0.7922619047619047 0.549047619047619 0.7934523809523809 0.570952380952381 0.7898809523809524 0.57 0.7845238095238095 0.5576190476190476 0.7836309523809524 0.5457142857142857 0.7794642857142857 0.5352380952380953 0.7782738095238095 0.5190476190476191 0.7732142857142857 0.5142857142857142 0.774702380952381 0.49476190476190474 0.7800595238095238 0.4847619047619048 0.7806547619047619 0.4776190476190476 0.7863095238095238 0.47619047619047616 0.7892857142857143 0.4861904761904762
1 0.2910714285714286 0.4204761904761905 0.29017857142857145 0.4328571428571429 0.29404761904761906 0.45904761904761904 0.2898809523809524 0.4561904761904762 0.28660714285714284 0.4623809523809524 0.2916666666666667 0.4838095238095238 0.28720238095238093 0.4980952380952381 0.28869047619047616 0.5057142857142857 0.2869047619047619 0.508095238095238 0.275 0.5009523809523809 0.27708333333333335 0.4766666666666667 0.26845238095238094 0.4695238095238095 0.27767857142857144 0.4357142857142857 0.2833333333333333 0.4280952380952381 0.2857142857142857 0.42 0.29077380952380955 0.4204761904761905