0 0.6235119047619048 0.44142857142857145 0.6276785714285714 0.4480952380952381 0.6270833333333333 0.45285714285714285 0.6238095238095238 0.45571428571428574 0.6193452380952381 0.45095238095238094 0.6196428571428572 0.4452380952380952 0.6232142857142857 0.44142857142857145
2 0.4845238095238095 0.5761904761904761 0.4967261904761905 0.6019047619047619 0.4949404761904762 0.6404761904761904 0.506547619047619 0.6647619047619048 0.5053571428571428 0.6733333333333333 0.500297619047619 0.6723809523809524 0.49970238095238095 0.6647619047619048 0.4875 0.6452380952380953 0.4830357142857143 0.6223809523809524 0.4764880952380952 0.6109523809523809 0.4764880952380952 0.5995238095238096 0.4800595238095238 0.59 0.48035714285714287 0.5780952380952381 0.4842261904761905 0.5761904761904761
2 0.7821428571428571 0.5152380952380953 0.7866071428571428 0.5133333333333333 0.7898809523809524 0.5266666666666666 0.7967261904761904 0.5371428571428571 0.7973214285714286 0.5719047619047619 0.8 0.5752380952380952 0.8038690476190476 0.5747619047619048 0.8071428571428572 0.5833333333333334 0.8071428571428572 0.5880952380952381 0.8041666666666667 0.5895238095238096 0.8002976190476191 0.5847619047619048 0.794345238095238 0.5880952380952381 0.799404761904762 0.6057142857142858 0.7982142857142858 0.6109523809523809 0.7922619047619047 0.611904761904762 0.7886904761904762 0.6090476190476191 0.7916666666666666 0.6 0.7872023809523809 0.5861904761904762 0.7830357142857143 0.5814285714285714 0.7857142857142857 0.5571428571428572 0.7842261904761905 0.5542857142857143 0.7758928571428572 0.5528571428571428 0.7720238095238096 0.5471428571428572 0.7797619047619048 0.5466666666666666 0.7818452380952381 0.5433333333333333 0.7836309523809524 0.5280952380952381 0.7821428571428571 0.5157142857142857
2 0.4845238095238095 0.5333333333333333 0.4869047619047619 0.5357142857142857 0.4875 0.5438095238095239 0.49375 0.5533333333333333 0.4961309523809524 0.5619047619047619 0.4961309523809524 0.5657142857142857 0.49166666666666664 0.5704761904761905 0.49107142857142855 0.5866666666666667 0.48839285714285713 0.589047619047619 0.48601190476190476 0.5876190476190476 0.4842261904761905 0.5776190476190476 0.4773809523809524 0.579047619047619 0.4764880952380952 0.570952380952381 0.46904761904761905 0.560952380952381 0.4738095238095238 0.55 0.48095238095238096 0.5428571428571428 0.48125 0.5357142857142857 0.4842261904761905 0.5333333333333333
2 0.9806547619047619 0.5961904761904762 0.9824404761904761 0.5985714285714285 0.9830357142857142 0.6071428571428571 0.9913690476190476 0.6223809523809524 0.9910714285714286 0.6290476190476191 0.9860119047619048 0.6333333333333333 0.9875 0.6604761904761904 0.999702380952381 0.6742857142857143 0.999702380952381 0.68 0.9913690476190476 0.6776190476190476 0.9767857142857143 0.6647619047619048 0.9702380952380952 0.69 0.9672619047619048 0.6933333333333334 0.9610119047619048 0.689047619047619 0.9586309523809524 0.6823809523809524 0.9651785714285714 0.6804761904761905 0.9675595238095238 0.6752380952380952 0.9726190476190476 0.6457142857142857 0.9723214285714286 0.6347619047619047 0.9675595238095238 0.6266666666666667 0.9758928571428571 0.6095238095238096 0.9761904761904762 0.5980952380952381 0.9803571428571428 0.5961904761904762
2 0.6589285714285714 0.46095238095238095 0.6651785714285714 0.4604761904761905 0.6851190476190476 0.4685714285714286 0.6961309523809524 0.46523809523809523 0.6994047619047619 0.46714285714285714 0.7050595238095239 0.4776190476190476 0.7029761904761904 0.4804761904761905 0.6880952380952381 0.48428571428571426 0.6586309523809524 0.4876190476190476 0.6541666666666667 0.48714285714285716 0.6488095238095238 0.46 0.6511904761904762 0.45285714285714285 0.6544642857142857 0.45285714285714285 0.6586309523809524 0.46095238095238095
2 0.9360119047619048 0.4604761904761905 0.9383928571428571 0.4633333333333333 0.9392857142857143 0.4757142857142857 0.9449404761904762 0.4895238095238095 0.9392857142857143 0.5023809523809524 0.9404761904761905 0.5257142857142857 0.9565476190476191 0.5457142857142857 0.9565476190476191 0.5561904761904762 0.9532738095238096 0.5552380952380952 0.950595238095238 0.5485714285714286 0.9383928571428571 0.5366666666666666 0.9294642857142857 0.5223809523809524 0.9255952380952381 0.5266666666666666 0.9273809523809524 0.550952380952381 0.9255952380952381 0.5542857142857143 0.9205357142857142 0.5538095238095239 0.9226190476190477 0.5428571428571428 0.919345238095238 0.5219047619047619 0.9273809523809524 0.5038095238095238 0.9276785714285715 0.4980952380952381 0.925 0.4895238095238095 0.93125 0.4738095238095238 0.93125 0.4642857142857143 0.9357142857142857 0.4604761904761905
2 0.6410714285714286 0.4452380952380952 0.643452380952381 0.44904761904761903 0.6440476190476191 0.45666666666666667 0.649702380952381 0.4633333333333333 0.6517857142857143 0.47 0.6520833333333333 0.508095238095238 0.6657738095238095 0.5133333333333333 0.6699404761904761 0.5228571428571429 0.6675595238095238 0.5247619047619048 0.6538690476190476 0.5204761904761904 0.643452380952381 0.5109523809523809 0.6407738095238096 0.5157142857142857 0.6398809523809523 0.5290476190476191 0.6369047619047619 0.5314285714285715 0.6318452380952381 0.5295238095238095 0.6300595238095238 0.5252380952380953 0.6351190476190476 0.5190476190476191 0.637797619047619 0.4861904761904762 0.6360119047619047 0.4795238095238095 0.6297619047619047 0.47333333333333333 0.6309523809523809 0.4666666666666667 0.6363095238095238 0.45666666666666667 0.6372023809523809 0.44666666666666666 0.6407738095238096 0.4452380952380952
2 0.6613095238095238 0.38095238095238093 0.6645833333333333 0.38095238095238093 0.6681547619047619 0.38952380952380955 0.6752976190476191 0.39714285714285713 0.6764880952380953 0.40476190476190477 0.6752976190476191 0.4357142857142857 0.6842261904761905 0.44095238095238093 0.6875 0.44857142857142857 0.6854166666666667 0.4519047619047619 0.680952380952381 0.44666666666666666 0.6717261904761904 0.44571428571428573 0.6681547619047619 0.4580952380952381 0.6645833333333333 0.4585714285714286 0.6645833333333333 0.4338095238095238 0.6666666666666666 0.42 0.6645833333333333 0.41619047619047617 0.6583333333333333 0.4238095238095238 0.65625 0.42238095238095236 0.6613095238095238 0.4061904761904762 0.6601190476190476 0.3904761904761905 0.6613095238095238 0.38142857142857145
2 0.8110119047619048 0.4266666666666667 0.8139880952380952 0.43142857142857144 0.8172619047619047 0.4552380952380952 0.8151785714285714 0.48095238095238096 0.8258928571428571 0.4857142857142857 0.8285714285714286 0.49476190476190474 0.8276785714285714 0.49714285714285716 0.8217261904761904 0.49238095238095236 0.8107142857142857 0.49238095238095236 0.8089285714285714 0.49714285714285716 0.8104166666666667 0.5090476190476191 0.80625 0.5138095238095238 0.8008928571428572 0.5119047619047619 0.8032738095238096 0.5052380952380953 0.8017857142857143 0.4942857142857143 0.8032738095238096 0.4523809523809524 0.8071428571428572 0.44047619047619047 0.8071428571428572 0.4280952380952381 0.8107142857142857 0.4266666666666667
3 0.3556547619047619 0.30523809523809525 0.36279761904761904 0.32 0.3619047619047619 0.3385714285714286 0.37083333333333335 0.3738095238095238 0.36547619047619045 0.37333333333333335 0.3607142857142857 0.3566666666666667 0.35535714285714287 0.3538095238095238 0.35327380952380955 0.379047619047619 0.35208333333333336 0.38142857142857145 0.3488095238095238 0.38047619047619047 0.3488095238095238 0.35285714285714287 0.3461309523809524 0.3438095238095238 0.3419642857142857 0.3419047619047619 0.3416666666666667 0.33285714285714285 0.35119047619047616 0.3138095238095238 0.35208333333333336 0.30714285714285716 0.35535714285714287 0.3057142857142857
1 0.32142857142857145 0.4057142857142857 0.3235119047619048 0.4076190476190476 0.3244047619047619 0.42142857142857143 0.3294642857142857 0.4280952380952381 0.337202380952381 0.4319047619047619 0.33839285714285716 0.43761904761904763 0.33482142857142855 0.439047619047619 0.32142857142857145 0.4319047619047619 0.3175595238095238 0.4338095238095238 0.31547619047619047 0.4438095238095238 0.32142857142857145 0.4561904761904762 0.32142857142857145 0.46 0.3119047619047619 0.4742857142857143 0.3119047619047619 0.48095238095238096 0.3086309523809524 0.48333333333333334 0.30565476190476193 0.48238095238095235 0.3044642857142857 0.4780952380952381 0.30505952380952384 0.4704761904761905 0.3098214285714286 0.4633333333333333 0.3098214285714286 0.46 0.30714285714285716 0.45714285714285713 0.2994047619047619 0.4661904761904762 0.29375 0.4676190476190476 0.27976190476190477 0.4795238095238095 0.27767857142857144 0.47714285714285715 0.2794642857142857 0.47095238095238096 0.29583333333333334 0.4552380952380952 0.30029761904761904 0.43857142857142856 0.30952380952380953 0.42 0.3211309523809524 0.4057142857142857
3 0.9425595238095238 0.18095238095238095 0.9470238095238095 0.18428571428571427 0.9508928571428571 0.19952380952380952 0.950297619047619 0.21761904761904763 0.9535714285714286 0.23761904761904762 0.9529761904761904 0.24904761904761905 0.944047619047619 0.24904761904761905 0.9443452380952381 0.24047619047619048 0.9366071428571429 0.22476190476190477 0.9416666666666667 0.21 0.9404761904761905 0.19238095238095237 0.9422619047619047 0.18142857142857144
3 0.950595238095238 0.5714285714285714 0.9625 0.6 0.955952380952381 0.6357142857142857 0.9630952380952381 0.6371428571428571 0.9648809523809524 0.6428571428571429 0.9553571428571429 0.650952380952381 0.9565476190476191 0.6685714285714286 0.9535714285714286 0.6719047619047619 0.9494047619047619 0.6714285714285714 0.9476190476190476 0.6680952380952381 0.9494047619047619 0.6604761904761904 0.9446428571428571 0.6457142857142857 0.9449404761904762 0.6223809523809524 0.9404761904761905 0.6161904761904762 0.9428571428571428 0.5947619047619047 0.9464285714285714 0.5842857142857143 0.9464285714285714 0.5738095238095238 0.950297619047619 0.5714285714285714