0 0.6095238095238096 0.4280952380952381 0.6130952380952381 0.42952380952380953 0.6160714285714286 0.4357142857142857 0.6127976190476191 0.4438095238095238 0.6092261904761904 0.4438095238095238 0.6059523809523809 0.43857142857142856 0.6059523809523809 0.4319047619047619 0.6092261904761904 0.4280952380952381
2 0.5327380952380952 0.5633333333333334 0.5360119047619047 0.5671428571428572 0.5363095238095238 0.579047619047619 0.5419642857142857 0.5885714285714285 0.544047619047619 0.6076190476190476 0.54375 0.6195238095238095 0.5392857142857143 0.6152380952380953 0.5297619047619048 0.64 0.5306547619047619 0.6471428571428571 0.5363095238095238 0.6542857142857142 0.5342261904761905 0.6671428571428571 0.5324404761904762 0.669047619047619 0.5291666666666667 0.6652380952380952 0.5223214285714286 0.6680952380952381 0.5193452380952381 0.6647619047619048 0.5223214285714286 0.6542857142857142 0.5208333333333334 0.6414285714285715 0.5214285714285715 0.5947619047619047 0.5238095238095238 0.5852380952380952 0.5297619047619048 0.5780952380952381 0.5297619047619048 0.5676190476190476 0.5324404761904762 0.5638095238095238
2 0.825 0.5442857142857143 0.8285714285714286 0.5457142857142857 0.8288690476190477 0.5576190476190476 0.8348214285714286 0.5676190476190476 0.837202380952381 0.58 0.8369047619047619 0.5847619047619048 0.8327380952380953 0.5904761904761905 0.8327380952380953 0.6185714285714285 0.8413690476190476 0.6242857142857143 0.8488095238095238 0.621904761904762 0.8520833333333333 0.6342857142857142 0.8488095238095238 0.6371428571428571 0.8455357142857143 0.6319047619047619 0.8264880952380952 0.6309523809523809 0.8217261904761904 0.6419047619047619 0.8214285714285714 0.6547619047619048 0.8175595238095238 0.6571428571428571 0.8095238095238095 0.6542857142857142 0.8157738095238095 0.6452380952380953 0.819047619047619 0.628095238095238 0.8205357142857143 0.5980952380952381 0.8157738095238095 0.5919047619047619 0.8157738095238095 0.5871428571428572 0.8184523809523809 0.5680952380952381 0.8235119047619047 0.5571428571428572 0.8223214285714285 0.5476190476190477 0.8247023809523809 0.5442857142857143
2 0.8086309523809524 0.48238095238095235 0.8130952380952381 0.4847619047619048 0.8291666666666667 0.4828571428571429 0.8392857142857143 0.4880952380952381 0.8407738095238095 0.4961904761904762 0.8357142857142857 0.5161904761904762 0.8497023809523809 0.5290476190476191 0.8461309523809524 0.539047619047619 0.8431547619047619 0.5414285714285715 0.8401785714285714 0.5395238095238095 0.8380952380952381 0.5319047619047619 0.8324404761904762 0.5280952380952381 0.8211309523809524 0.5228571428571429 0.8175595238095238 0.5276190476190477 0.8142857142857143 0.5119047619047619 0.8053571428571429 0.49523809523809526 0.8035714285714286 0.4876190476190476 0.8041666666666667 0.4838095238095238 0.8083333333333333 0.48238095238095235
2 0.4895833333333333 0.508095238095238 0.49375 0.518095238095238 0.5050595238095238 0.5285714285714286 0.5095238095238095 0.5428571428571428 0.5083333333333333 0.5480952380952381 0.5014880952380952 0.5352380952380953 0.49851190476190477 0.5419047619047619 0.49851190476190477 0.5728571428571428 0.5071428571428571 0.5914285714285714 0.5086309523809524 0.6038095238095238 0.5050595238095238 0.6014285714285714 0.49464285714285716 0.5847619047619048 0.4913690476190476 0.5919047619047619 0.48928571428571427 0.5895238095238096 0.48482142857142857 0.5657142857142857 0.48482142857142857 0.5461904761904762 0.47708333333333336 0.5414285714285715 0.4791666666666667 0.5295238095238095 0.48541666666666666 0.5190476190476191 0.4857142857142857 0.5090476190476191 0.48928571428571427 0.508095238095238
2 0.981547619047619 0.49 0.9845238095238096 0.4942857142857143 0.9845238095238096 0.5057142857142857 0.9901785714285715 0.5285714285714286 0.9895833333333334 0.5466666666666666 0.9854166666666667 0.560952380952381 0.9877976190476191 0.5638095238095238 0.9958333333333333 0.5647619047619048 0.9976190476190476 0.5728571428571428 0.999702380952381 0.5738095238095238 0.999702380952381 0.580952380952381 0.9946428571428572 0.5804761904761905 0.9913690476190476 0.5752380952380952 0.9875 0.5761904761904761 0.9898809523809524 0.590952380952381 0.9898809523809524 0.5952380952380952 0.9875 0.5976190476190476 0.9827380952380952 0.5957142857142858 0.9806547619047619 0.5771428571428572 0.9726190476190476 0.5661904761904762 0.9761904761904762 0.5466666666666666 0.9738095238095238 0.54 0.9761904761904762 0.5295238095238095 0.9729166666666667 0.5223809523809524 0.9767857142857143 0.5147619047619048 0.9761904761904762 0.4942857142857143 0.98125 0.49
2 0.6166666666666667 0.45714285714285713 0.6285714285714286 0.48428571428571426 0.6324404761904762 0.5161904761904762 0.6339285714285714 0.5176190476190476 0.6404761904761904 0.5123809523809524 0.6476190476190476 0.5219047619047619 0.637797619047619 0.5261904761904762 0.6300595238095238 0.5338095238095238 0.6258928571428571 0.5252380952380953 0.6202380952380953 0.5257142857142857 0.6196428571428572 0.5538095238095239 0.6169642857142857 0.5576190476190476 0.6086309523809523 0.5571428571428572 0.6071428571428571 0.5538095238095239 0.612202380952381 0.5461904761904762 0.6127976190476191 0.5128571428571429 0.6169642857142857 0.4961904761904762 0.6169642857142857 0.490952380952381 0.6139880952380953 0.48428571428571426 0.6142857142857143 0.4704761904761905 0.6116071428571429 0.46 0.6163690476190476 0.45714285714285713
2 0.6517857142857143 0.3976190476190476 0.6577380952380952 0.39904761904761904 0.6630952380952381 0.4180952380952381 0.662797619047619 0.44571428571428573 0.655952380952381 0.4638095238095238 0.6648809523809524 0.4766666666666667 0.6645833333333333 0.48333333333333334 0.6616071428571428 0.4880952380952381 0.6589285714285714 0.4847619047619048 0.6583333333333333 0.47714285714285715 0.6547619047619048 0.47285714285714286 0.6520833333333333 0.47523809523809524 0.6508928571428572 0.48523809523809525 0.6440476190476191 0.4876190476190476 0.6422619047619048 0.4847619047619048 0.6464285714285715 0.4776190476190476 0.6458333333333334 0.4614285714285714 0.649702380952381 0.4438095238095238 0.6488095238095238 0.44095238095238093 0.64375 0.439047619047619 0.6517857142857143 0.42714285714285716 0.6526785714285714 0.4142857142857143 0.6505952380952381 0.40476190476190477 0.6517857142857143 0.3980952380952381
2 0.8848214285714285 0.4576190476190476 0.888095238095238 0.46 0.8889880952380952 0.47095238095238096 0.8958333333333334 0.4838095238095238 0.8955357142857143 0.4880952380952381 0.8895833333333333 0.49476190476190474 0.8892857142857142 0.5261904761904762 0.9026785714285714 0.5466666666666666 0.9008928571428572 0.5538095238095239 0.8973214285714286 0.5557142857142857 0.8928571428571429 0.5447619047619048 0.8836309523809524 0.5328571428571428 0.8800595238095238 0.5314285714285715 0.8732142857142857 0.5566666666666666 0.8654761904761905 0.5552380952380952 0.8633928571428572 0.55 0.8708333333333333 0.5433333333333333 0.8764880952380952 0.49857142857142855 0.8726190476190476 0.49047619047619045 0.8797619047619047 0.4738095238095238 0.8803571428571428 0.46 0.8845238095238095 0.4576190476190476
3 0.4532738095238095 0.3442857142857143 0.4568452380952381 0.34714285714285714 0.46339285714285716 0.3628571428571429 0.46726190476190477 0.3780952380952381 0.4642857142857143 0.37666666666666665 0.4601190476190476 0.36857142857142855 0.45654761904761904 0.3757142857142857 0.45863095238095236 0.40095238095238095 0.4550595238095238 0.42857142857142855 0.4532738095238095 0.430952380952381 0.4479166666666667 0.42857142857142855 0.4517857142857143 0.4061904761904762 0.4517857142857143 0.4 0.4494047619047619 0.3961904761904762 0.44642857142857145 0.40095238095238095 0.4392857142857143 0.430952380952381 0.4369047619047619 0.4328571428571429 0.4354166666666667 0.43238095238095237 0.4357142857142857 0.4238095238095238 0.4419642857142857 0.39380952380952383 0.4419642857142857 0.38047619047619047 0.43779761904761905 0.37285714285714283 0.44821428571428573 0.35428571428571426 0.44970238095238096 0.34714285714285714 0.4529761904761905 0.3442857142857143
1 0.5479166666666667 0.40714285714285714 0.55 0.40904761904761905 0.5511904761904762 0.41714285714285715 0.5607142857142857 0.44333333333333336 0.5663690476190476 0.47904761904761906 0.5639880952380952 0.49333333333333335 0.5598214285714286 0.4928571428571429 0.5550595238095238 0.4738095238095238 0.5428571428571428 0.4633333333333333 0.5395833333333333 0.4552380952380952 0.5357142857142857 0.42523809523809525 0.5416666666666666 0.4176190476190476 0.5455357142857142 0.4076190476190476 0.5476190476190477 0.40714285714285714