0 0.6101190476190477 0.3904761904761905 0.6125 0.3980952380952381 0.6095238095238096 0.40285714285714286 0.6056547619047619 0.4014285714285714 0.6041666666666666 0.39666666666666667 0.6059523809523809 0.39095238095238094 0.6098214285714286 0.3904761904761905
2 0.46964285714285714 0.6438095238095238 0.4806547619047619 0.6476190476190476 0.4842261904761905 0.6533333333333333 0.48601190476190476 0.6680952380952381 0.48333333333333334 0.6895238095238095 0.49047619047619045 0.700952380952381 0.49583333333333335 0.7052380952380952 0.4967261904761905 0.710952380952381 0.49464285714285716 0.7157142857142857 0.49107142857142855 0.7147619047619047 0.47767857142857145 0.6976190476190476 0.4758928571428571 0.700952380952381 0.47559523809523807 0.71 0.4738095238095238 0.7123809523809523 0.4711309523809524 0.71 0.46964285714285714 0.6752380952380952 0.4669642857142857 0.6680952380952381 0.4636904761904762 0.6728571428571428 0.46190476190476193 0.6857142857142857 0.46041666666666664 0.6876190476190476 0.4589285714285714 0.6857142857142857 0.462202380952381 0.6409523809523809 0.4666666666666667 0.6385714285714286 0.4693452380952381 0.6438095238095238
2 0.8717261904761905 0.5923809523809523 0.8851190476190476 0.6090476190476191 0.8848214285714285 0.6233333333333333 0.8869047619047619 0.6314285714285715 0.8854166666666666 0.6480952380952381 0.8946428571428572 0.6585714285714286 0.89375 0.670952380952381 0.887797619047619 0.6619047619047619 0.8833333333333333 0.660952380952381 0.8845238095238095 0.669047619047619 0.887797619047619 0.6747619047619048 0.8854166666666666 0.6785714285714286 0.8797619047619047 0.6785714285714286 0.8758928571428571 0.6752380952380952 0.8764880952380952 0.6676190476190477 0.8720238095238095 0.6476190476190476 0.8741071428571429 0.6328571428571429 0.8651785714285715 0.6228571428571429 0.8696428571428572 0.6076190476190476 0.8678571428571429 0.5952380952380952 0.8714285714285714 0.5923809523809523
2 0.6125 0.4542857142857143 0.6160714285714286 0.4604761904761905 0.6235119047619048 0.4638095238095238 0.6288690476190476 0.47095238095238096 0.631547619047619 0.4876190476190476 0.6288690476190476 0.5085714285714286 0.6413690476190477 0.5290476190476191 0.6372023809523809 0.5338095238095238 0.6333333333333333 0.5338095238095238 0.63125 0.5261904761904762 0.6232142857142857 0.5257142857142857 0.6226190476190476 0.5176190476190476 0.6148809523809524 0.5085714285714286 0.6139880952380953 0.5009523809523809 0.6163690476190476 0.4895238095238095 0.6053571428571428 0.4876190476190476 0.6005952380952381 0.4838095238095238 0.6005952380952381 0.4785714285714286 0.6080357142857142 0.4776190476190476 0.6101190476190477 0.4676190476190476 0.6086309523809523 0.45714285714285713 0.612202380952381 0.45476190476190476
2 0.3625 0.7085714285714285 0.36607142857142855 0.7185714285714285 0.3738095238095238 0.7233333333333334 0.3800595238095238 0.7338095238095238 0.38184523809523807 0.7514285714285714 0.3800595238095238 0.7552380952380953 0.3773809523809524 0.7519047619047619 0.3761904761904762 0.741904761904762 0.37589285714285714 0.75 0.3717261904761905 0.7638095238095238 0.3717261904761905 0.7723809523809524 0.37589285714285714 0.7814285714285715 0.381547619047619 0.7861904761904762 0.38184523809523807 0.7980952380952381 0.3800595238095238 0.8004761904761905 0.3738095238095238 0.7880952380952381 0.3699404761904762 0.7852380952380953 0.3657738095238095 0.7942857142857143 0.36220238095238094 0.7942857142857143 0.36041666666666666 0.790952380952381 0.3639880952380952 0.7747619047619048 0.3613095238095238 0.7590476190476191 0.3556547619047619 0.7542857142857143 0.35386904761904764 0.7371428571428571 0.3592261904761905 0.7104761904761905 0.36220238095238094 0.709047619047619
2 0.8910714285714286 0.4119047619047619 0.8994047619047619 0.4142857142857143 0.9089285714285714 0.43952380952380954 0.9116071428571428 0.4623809523809524 0.9217261904761904 0.4723809523809524 0.9208333333333333 0.48142857142857143 0.9181547619047619 0.4819047619047619 0.9139880952380952 0.4742857142857143 0.906547619047619 0.4776190476190476 0.9032738095238095 0.4980952380952381 0.9014880952380953 0.5 0.8958333333333334 0.4980952380952381 0.8970238095238096 0.49047619047619045 0.8946428571428572 0.44761904761904764 0.8860119047619047 0.43333333333333335 0.8904761904761904 0.42857142857142855 0.8869047619047619 0.4138095238095238 0.8907738095238096 0.4119047619047619
2 0.6845238095238095 0.4580952380952381 0.6925595238095238 0.4804761904761905 0.6934523809523809 0.4928571428571429 0.705952380952381 0.49857142857142855 0.7074404761904762 0.5033333333333333 0.705952380952381 0.5095238095238095 0.6976190476190476 0.5033333333333333 0.6866071428571429 0.5028571428571429 0.687202380952381 0.5195238095238095 0.6851190476190476 0.5219047619047619 0.6779761904761905 0.5195238095238095 0.680952380952381 0.5123809523809524 0.6785714285714286 0.5009523809523809 0.6806547619047619 0.48857142857142855 0.6800595238095238 0.47619047619047616 0.6726190476190477 0.4533333333333333 0.674702380952381 0.4471428571428571 0.6785714285714286 0.4471428571428571 0.6842261904761905 0.4580952380952381
2 0.5735119047619047 0.3628571428571429 0.5747023809523809 0.3580952380952381 0.5779761904761904 0.3580952380952381 0.5848214285714286 0.37 0.5913690476190476 0.4066666666666667 0.6044642857142857 0.42904761904761907 0.6011904761904762 0.43476190476190474 0.5976190476190476 0.4266666666666667 0.5815476190476191 0.4076190476190476 0.5758928571428571 0.4142857142857143 0.5711309523809524 0.43666666666666665 0.5648809523809524 0.4338095238095238 0.5639880952380952 0.42857142857142855 0.5684523809523809 0.42523809523809525 0.5711309523809524 0.40285714285714286 0.575297619047619 0.39380952380952383 0.5738095238095238 0.36333333333333334
2 0.9407738095238095 0.3657142857142857 0.9428571428571428 0.36714285714285716 0.9494047619047619 0.38666666666666666 0.9494047619047619 0.41 0.9565476190476191 0.4185714285714286 0.95625 0.42238095238095236 0.9479166666666666 0.4219047619047619 0.9434523809523809 0.42523809523809525 0.9458333333333333 0.4419047619047619 0.94375 0.44476190476190475 0.9363095238095238 0.4423809523809524 0.9348214285714286 0.4247619047619048 0.9357142857142857 0.40285714285714286 0.9285714285714286 0.4004761904761905 0.9282738095238096 0.3980952380952381 0.9354166666666667 0.39095238095238094 0.9363095238095238 0.36952380952380953 0.9375 0.3661904761904762 0.9404761904761905 0.3657142857142857
2 0.6202380952380953 0.33 0.6351190476190476 0.36238095238095236 0.6333333333333333 0.3647619047619048 0.6288690476190476 0.36142857142857143 0.6279761904761905 0.36904761904761907 0.6386904761904761 0.38666666666666666 0.6386904761904761 0.39095238095238094 0.6369047619047619 0.39571428571428574 0.6309523809523809 0.38476190476190475 0.6232142857142857 0.37761904761904763 0.6193452380952381 0.37761904761904763 0.6166666666666667 0.38142857142857145 0.6125 0.39904761904761904 0.6095238095238096 0.4023809523809524 0.6059523809523809 0.40095238095238095 0.6050595238095238 0.39666666666666667 0.6104166666666667 0.38761904761904764 0.6127976190476191 0.3757142857142857 0.6163690476190476 0.36904761904761907 0.6178571428571429 0.3557142857142857 0.6160714285714286 0.3523809523809524 0.6092261904761904 0.3523809523809524 0.6089285714285714 0.3495238095238095 0.6157738095238096 0.34285714285714286 0.6163690476190476 0.3314285714285714 0.6199404761904762 0.33
2 0.75 0.36047619047619045 0.7586309523809524 0.37952380952380954 0.7610119047619047 0.4033333333333333 0.768154761904762 0.42428571428571427 0.7657738095238096 0.42952380952380953 0.7613095238095238 0.42857142857142855 0.7586309523809524 0.41904761904761906 0.7550595238095238 0.4257142857142857 0.7514880952380952 0.4180952380952381 0.7446428571428572 0.41095238095238096 0.7446428571428572 0.4033333333333333 0.749702380952381 0.3919047619047619 0.7443452380952381 0.3780952380952381 0.7461309523809524 0.36238095238095236 0.749702380952381 0.36047619047619045
3 0.09613095238095239 0.2438095238095238 0.09851190476190476 0.24619047619047618 0.09702380952380953 0.27476190476190476 0.09970238095238096 0.2914285714285714 0.09761904761904762 0.30904761904761907 0.09523809523809523 0.31333333333333335 0.08482142857142858 0.31047619047619046 0.08660714285714285 0.28523809523809524 0.08422619047619048 0.26857142857142857 0.09077380952380952 0.2480952380952381 0.09583333333333334 0.2438095238095238
3 0.7726190476190476 0.18285714285714286 0.7758928571428572 0.18476190476190477 0.7770833333333333 0.19 0.7827380952380952 0.1976190476190476 0.7866071428571428 0.22333333333333333 0.7967261904761904 0.22904761904761906 0.7988095238095239 0.2342857142857143 0.7970238095238096 0.2361904761904762 0.7866071428571428 0.2342857142857143 0.7794642857142857 0.22428571428571428 0.7788690476190476 0.24428571428571427 0.7761904761904762 0.24666666666666667 0.7723214285714286 0.24476190476190476 0.7732142857142857 0.23 0.768452380952381 0.21666666666666667 0.774702380952381 0.20333333333333334 0.7723214285714286 0.18333333333333332
3 0.8077380952380953 0.5904761904761905 0.8110119047619048 0.5919047619047619 0.8130952380952381 0.6014285714285714 0.8175595238095238 0.6076190476190476 0.8211309523809524 0.6185714285714285 0.8214285714285714 0.650952380952381 0.8318452380952381 0.6552380952380953 0.8354166666666667 0.6628571428571428 0.8348214285714286 0.6671428571428571 0.8291666666666667 0.6628571428571428 0.825297619047619 0.6642857142857143 0.8258928571428571 0.6785714285714286 0.8232142857142857 0.6804761904761905 0.8172619047619047 0.679047619047619 0.8172619047619047 0.6676190476190477 0.8113095238095238 0.650952380952381 0.8032738095238096 0.6161904761904762 0.8053571428571429 0.5928571428571429 0.8074404761904762 0.5904761904761905