2 0.48541666666666666 0.6109523809523809 0.48660714285714285 0.6166666666666667 0.48095238095238096 0.6528571428571428 0.4806547619047619 0.670952380952381 0.4773809523809524 0.6923809523809524 0.475 0.6938095238095238 0.46904761904761905 0.6923809523809524 0.46964285714285714 0.6719047619047619 0.462202380952381 0.6680952380952381 0.462202380952381 0.6647619047619048 0.46845238095238095 0.6566666666666666 0.47886904761904764 0.6128571428571429 0.4851190476190476 0.6109523809523809
2 0.014583333333333334 0.4561904761904762 0.01607142857142857 0.46 0.01607142857142857 0.4766666666666667 0.02470238095238095 0.4838095238095238 0.025297619047619048 0.4876190476190476 0.01636904761904762 0.49047619047619045 0.015476190476190477 0.5328571428571428 0.011904761904761904 0.5342857142857143 0.00625 0.5328571428571428 0.004761904761904762 0.5290476190476191 0.0020833333333333333 0.5119047619047619 0.002380952380952381 0.4804761904761905 0.008630952380952382 0.45904761904761904 0.01130952380952381 0.45571428571428574 0.014285714285714285 0.4561904761904762
2 0.22053571428571428 0.34 0.22589285714285715 0.3523809523809524 0.225 0.37952380952380954 0.2226190476190476 0.38666666666666666 0.21011904761904762 0.3980952380952381 0.20208333333333334 0.39476190476190476 0.19940476190476192 0.39 0.20922619047619048 0.3852380952380952 0.21279761904761904 0.38047619047619047 0.20892857142857144 0.35904761904761906 0.21517857142857144 0.3419047619047619 0.22023809523809523 0.34
2 0.20327380952380952 0.6152380952380953 0.20535714285714285 0.62 0.20952380952380953 0.6852380952380952 0.21339285714285713 0.700952380952381 0.21636904761904763 0.7057142857142857 0.21071428571428572 0.709047619047619 0.20595238095238094 0.7061904761904761 0.20238095238095238 0.6885714285714286 0.19672619047619047 0.6819047619047619 0.18898809523809523 0.6857142857142857 0.18214285714285713 0.680952380952381 0.175 0.6804761904761905 0.17857142857142858 0.6742857142857143 0.1913690476190476 0.6733333333333333 0.19791666666666666 0.6195238095238095 0.19970238095238096 0.6157142857142858 0.20297619047619048 0.6152380952380953
2 0.175 0.6795238095238095 0.17976190476190476 0.6819047619047619 0.17976190476190476 0.7138095238095238 0.18452380952380953 0.7223809523809523 0.17946428571428572 0.7276190476190476 0.17946428571428572 0.731904761904762 0.18214285714285713 0.7447619047619047 0.18244047619047618 0.7657142857142857 0.18482142857142858 0.7723809523809524 0.1818452380952381 0.7747619047619048 0.1761904761904762 0.7723809523809524 0.17589285714285716 0.7547619047619047 0.17351190476190476 0.75 0.16517857142857142 0.7552380952380953 0.14821428571428572 0.7509523809523809 0.15089285714285713 0.7423809523809524 0.16220238095238096 0.7442857142857143 0.16488095238095238 0.7414285714285714 0.17113095238095238 0.6885714285714286 0.175 0.68
2 0.23154761904761906 0.370952380952381 0.23422619047619048 0.37666666666666665 0.23452380952380952 0.3976190476190476 0.2318452380952381 0.4095238095238095 0.23273809523809524 0.4219047619047619 0.22738095238095238 0.43238095238095237 0.22708333333333333 0.4423809523809524 0.22380952380952382 0.4533333333333333 0.2199404761904762 0.45285714285714285 0.2193452380952381 0.43047619047619046 0.21517857142857144 0.4247619047619048 0.21904761904761905 0.4180952380952381 0.21875 0.39666666666666667 0.22232142857142856 0.39095238095238094 0.22678571428571428 0.3738095238095238 0.23125 0.370952380952381
2 0.5258928571428572 0.5538095238095239 0.5303571428571429 0.5561904761904762 0.5327380952380952 0.5685714285714286 0.531547619047619 0.6104761904761905 0.5270833333333333 0.6228571428571429 0.5267857142857143 0.63 0.5178571428571429 0.63 0.5148809523809523 0.6195238095238095 0.5151785714285714 0.6128571428571429 0.5193452380952381 0.6047619047619047 0.518452380952381 0.5776190476190476 0.5255952380952381 0.5542857142857143
2 0.5538690476190476 0.6347619047619047 0.5556547619047619 0.6442857142857142 0.5619047619047619 0.6552380952380953 0.5571428571428572 0.6676190476190477 0.5607142857142857 0.6804761904761905 0.5586309523809524 0.6995238095238095 0.5571428571428572 0.7023809523809523 0.5547619047619048 0.700952380952381 0.5538690476190476 0.689047619047619 0.55 0.6876190476190476 0.5321428571428571 0.7052380952380952 0.5273809523809524 0.7038095238095238 0.5270833333333333 0.6995238095238095 0.5407738095238095 0.6847619047619048 0.5425595238095238 0.6661904761904762 0.5398809523809524 0.6557142857142857 0.5360119047619047 0.6552380952380953 0.5327380952380952 0.66 0.5294642857142857 0.66 0.5294642857142857 0.6571428571428571 0.5327380952380952 0.6514285714285715 0.5535714285714286 0.6347619047619047
2 0.5342261904761905 0.5128571428571429 0.5363095238095238 0.5157142857142857 0.5366071428571428 0.5328571428571428 0.5318452380952381 0.5428571428571428 0.5297619047619048 0.5542857142857143 0.5258928571428572 0.5576190476190476 0.5226190476190476 0.5657142857142857 0.5196428571428572 0.5638095238095238 0.5172619047619048 0.5504761904761905 0.51875 0.5357142857142857 0.5303571428571429 0.5152380952380953 0.5339285714285714 0.5128571428571429
2 0.2087797619047619 0.46404761904761904 0.02470238095238095 0.07952380952380952
1 0.9464285714285714 0.5042857142857143 0.9565476190476191 0.5247619047619048 0.9565476190476191 0.54 0.950595238095238 0.5485714285714286 0.9553571428571429 0.5814285714285714 0.9535714285714286 0.5866666666666667 0.9485119047619047 0.5857142857142857 0.9446428571428571 0.5719047619047619 0.9395833333333333 0.5661904761904762 0.9318452380952381 0.5676190476190476 0.9258928571428572 0.5742857142857143 0.9220238095238096 0.5714285714285714 0.9238095238095239 0.5633333333333334 0.9351190476190476 0.55 0.9360119047619048 0.5433333333333333 0.9357142857142857 0.5347619047619048 0.9345238095238095 0.54 0.9288690476190476 0.5404761904761904 0.9264880952380953 0.5366666666666666 0.9270833333333334 0.5333333333333333 0.9321428571428572 0.5285714285714286 0.9431547619047619 0.5052380952380953 0.9461309523809524 0.5042857142857143
0 0.5961309523809524 0.660952380952381 0.5997023809523809 0.6661904761904762 0.5967261904761905 0.6728571428571428 0.5919642857142857 0.670952380952381 0.5901785714285714 0.6661904761904762 0.5913690476190476 0.660952380952381 0.5958333333333333 0.660952380952381