0 0.5473214285714286 0.5847619047619048 0.5508928571428572 0.5895238095238096 0.5502976190476191 0.5957142857142858 0.5473214285714286 0.5985714285714285 0.54375 0.5971428571428572 0.5428571428571428 0.5923809523809523 0.5434523809523809 0.5876190476190476 0.5470238095238096 0.5847619047619048
2 0.8041666666666667 0.4504761904761905 0.812797619047619 0.46714285714285714 0.8139880952380952 0.48142857142857143 0.8071428571428572 0.5119047619047619 0.7991071428571429 0.5147619047619048 0.7970238095238096 0.5223809523809524 0.7931547619047619 0.5257142857142857 0.7889880952380952 0.5257142857142857 0.7869047619047619 0.5223809523809524 0.7922619047619047 0.5119047619047619 0.7949404761904761 0.48523809523809525 0.79375 0.46904761904761905 0.7982142857142858 0.4533333333333333 0.8038690476190476 0.4504761904761905
2 0.4636904761904762 0.55 0.4669642857142857 0.5552380952380952 0.46577380952380953 0.5604761904761905 0.4669642857142857 0.569047619047619 0.4636904761904762 0.5828571428571429 0.46458333333333335 0.6004761904761905 0.4589285714285714 0.6180952380952381 0.45625 0.6204761904761905 0.4532738095238095 0.6161904761904762 0.4544642857142857 0.6052380952380952 0.4529761904761905 0.6019047619047619 0.4401785714285714 0.6138095238095238 0.4324404761904762 0.6261904761904762 0.4303571428571429 0.6242857142857143 0.4303571428571429 0.6195238095238095 0.44583333333333336 0.590952380952381 0.4529761904761905 0.5614285714285714 0.45803571428571427 0.5533333333333333 0.46339285714285716 0.55
2 0.3732142857142857 0.4033333333333333 0.37648809523809523 0.40714285714285714 0.3794642857142857 0.42904761904761907 0.3729166666666667 0.46 0.36607142857142855 0.4738095238095238 0.35982142857142857 0.4795238095238095 0.3580357142857143 0.47523809523809524 0.3639880952380952 0.43857142857142856 0.3639880952380952 0.42523809523809525 0.3699404761904762 0.40714285714285714 0.3729166666666667 0.4038095238095238
2 0.0988095238095238 0.5957142857142858 0.10208333333333333 0.6 0.1056547619047619 0.6276190476190476 0.10416666666666667 0.6961904761904761 0.0994047619047619 0.6961904761904761 0.09107142857142857 0.6823809523809524 0.0886904761904762 0.6576190476190477 0.0886904761904762 0.6161904761904762 0.09523809523809523 0.5985714285714285 0.09851190476190476 0.5961904761904762
2 0.700595238095238 0.6476190476190476 0.7077380952380953 0.6685714285714286 0.7017857142857142 0.6771428571428572 0.6901785714285714 0.7095238095238096 0.6723214285714286 0.7314285714285714 0.6696428571428571 0.7304761904761905 0.669345238095238 0.7261904761904762 0.6782738095238096 0.7138095238095238 0.6836309523809524 0.7 0.6833333333333333 0.6857142857142857 0.6860119047619048 0.6647619047619048 0.6958333333333333 0.6480952380952381 0.700297619047619 0.6476190476190476
2 0.23214285714285715 0.34523809523809523 0.23660714285714285 0.36 0.23511904761904762 0.3780952380952381 0.2363095238095238 0.3914285714285714 0.23273809523809524 0.39714285714285713 0.22976190476190475 0.4119047619047619 0.2261904761904762 0.4114285714285714 0.22380952380952382 0.40476190476190477 0.22291666666666668 0.3628571428571429 0.22708333333333333 0.3466666666666667 0.2318452380952381 0.34523809523809523
2 0.8047619047619048 0.5114285714285715 0.8139880952380952 0.5357142857142857 0.8148809523809524 0.5504761904761905 0.8101190476190476 0.5671428571428572 0.8107142857142857 0.5819047619047619 0.8023809523809524 0.5928571428571429 0.7973214285714286 0.5947619047619047 0.7934523809523809 0.5919047619047619 0.7961309523809523 0.5842857142857143 0.8 0.5476190476190477 0.7985119047619048 0.5157142857142857 0.8044642857142857 0.5114285714285715
2 0.5089285714285714 0.5185714285714286 0.5133928571428571 0.5223809523809524 0.5119047619047619 0.5323809523809524 0.5133928571428571 0.5604761904761905 0.5092261904761904 0.5633333333333334 0.5056547619047619 0.5847619047619048 0.49642857142857144 0.6009523809523809 0.4922619047619048 0.5980952380952381 0.4913690476190476 0.5880952380952381 0.4979166666666667 0.5728571428571428 0.4955357142857143 0.5576190476190476 0.4973214285714286 0.5423809523809524 0.5086309523809524 0.5185714285714286
2 0.512797619047619 0.35428571428571426 0.5166666666666667 0.36904761904761907 0.5136904761904761 0.39714285714285713 0.5098214285714285 0.4061904761904762 0.49910714285714286 0.4180952380952381 0.49642857142857144 0.4147619047619048 0.49642857142857144 0.4085714285714286 0.5 0.3976190476190476 0.5011904761904762 0.37285714285714283 0.5086309523809524 0.35619047619047617 0.5125 0.35428571428571426
2 0.19613095238095238 0.29 0.2 0.2919047619047619 0.20535714285714285 0.30523809523809525 0.19970238095238096 0.3252380952380952 0.20148809523809524 0.3419047619047619 0.19970238095238096 0.3438095238095238 0.19553571428571428 0.3419047619047619 0.18988095238095237 0.35095238095238096 0.1863095238095238 0.3485714285714286 0.18571428571428572 0.3280952380952381 0.1880952380952381 0.30428571428571427 0.19047619047619047 0.29619047619047617 0.19583333333333333 0.2904761904761905
2 0.5026785714285714 0.29 0.5056547619047619 0.29333333333333333 0.5050595238095238 0.3028571428571429 0.4979166666666667 0.32571428571428573 0.49107142857142855 0.34 0.48779761904761904 0.3395238095238095 0.48779761904761904 0.33380952380952383 0.49255952380952384 0.3157142857142857 0.49375 0.29619047619047617 0.4979166666666667 0.29 0.5023809523809524 0.29
2 0.19255952380952382 0.4642857142857143 0.19672619047619047 0.46714285714285714 0.1988095238095238 0.4876190476190476 0.19345238095238096 0.5185714285714286 0.18541666666666667 0.5233333333333333 0.18095238095238095 0.5419047619047619 0.17857142857142858 0.5442857142857143 0.17559523809523808 0.54 0.18035714285714285 0.5090476190476191 0.1800595238095238 0.4847619047619048 0.18928571428571428 0.4666666666666667 0.19226190476190477 0.46476190476190476
2 0.6273809523809524 0.38285714285714284 0.6300595238095238 0.38333333333333336 0.6321428571428571 0.40095238095238095 0.6401785714285714 0.42142857142857143 0.6372023809523809 0.4228571428571429 0.6303571428571428 0.4095238095238095 0.6264880952380952 0.4080952380952381 0.6232142857142857 0.41619047619047617 0.6235119047619048 0.4438095238095238 0.6211309523809524 0.44666666666666666 0.6127976190476191 0.4357142857142857 0.6092261904761904 0.43476190476190474 0.6023809523809524 0.43857142857142856 0.6005952380952381 0.43476190476190474 0.6127976190476191 0.41523809523809524 0.6142857142857143 0.39904761904761904 0.606547619047619 0.39714285714285713 0.6223214285714286 0.38857142857142857 0.6270833333333333 0.38285714285714284
2 0.4842261904761905 0.38904761904761903 0.48720238095238094 0.3914285714285714 0.49047619047619045 0.4057142857142857 0.4979166666666667 0.4142857142857143 0.4907738095238095 0.4138095238095238 0.48660714285714285 0.4180952380952381 0.4842261904761905 0.4576190476190476 0.4797619047619048 0.45904761904761904 0.47767857142857145 0.44285714285714284 0.47351190476190474 0.4438095238095238 0.46458333333333335 0.439047619047619 0.46517857142857144 0.43523809523809526 0.4720238095238095 0.43047619047619046 0.475297619047619 0.4119047619047619 0.475297619047619 0.4076190476190476 0.4675595238095238 0.3976190476190476 0.4705357142857143 0.3961904761904762 0.47767857142857145 0.4 0.48392857142857143 0.38952380952380955
2 0.48839285714285713 0.49 0.4913690476190476 0.4942857142857143 0.48928571428571427 0.5152380952380953 0.4830357142857143 0.5219047619047619 0.4824404761904762 0.5423809523809524 0.47827380952380955 0.5533333333333333 0.48035714285714287 0.5604761904761905 0.47886904761904764 0.5642857142857143 0.4726190476190476 0.5604761904761905 0.4758928571428571 0.5457142857142857 0.4738095238095238 0.5371428571428571 0.45654761904761904 0.5519047619047619 0.4529761904761905 0.5604761904761905 0.45089285714285715 0.5576190476190476 0.45089285714285715 0.5528571428571428 0.4630952380952381 0.5342857142857143 0.4764880952380952 0.5019047619047619 0.48392857142857143 0.490952380952381 0.4880952380952381 0.49
2 0.7633928571428571 0.3904761904761905 0.7711309523809524 0.4038095238095238 0.7723214285714286 0.4166666666666667 0.7619047619047619 0.4638095238095238 0.7526785714285714 0.4685714285714286 0.7494047619047619 0.46523809523809523 0.756547619047619 0.42 0.756547619047619 0.40523809523809523 0.7601190476190476 0.39285714285714285 0.763095238095238 0.3904761904761905
2 0.56875 0.430952380952381 0.5720238095238095 0.4452380952380952 0.5711309523809524 0.4533333333333333 0.5645833333333333 0.46285714285714286 0.5607142857142857 0.4804761904761905 0.5511904761904762 0.4880952380952381 0.5434523809523809 0.49857142857142855 0.5398809523809524 0.4957142857142857 0.5398809523809524 0.490952380952381 0.5511904761904762 0.47 0.5541666666666667 0.44333333333333336 0.562797619047619 0.4380952380952381 0.5651785714285714 0.4319047619047619 0.5684523809523809 0.430952380952381
3 0.26904761904761904 0.4595238095238095 0.27380952380952384 0.4780952380952381 0.2741071428571429 0.4876190476190476 0.26517857142857143 0.49666666666666665 0.2636904761904762 0.508095238095238 0.2550595238095238 0.5319047619047619 0.25148809523809523 0.5319047619047619 0.24821428571428572 0.5266666666666666 0.24047619047619048 0.5304761904761904 0.2392857142857143 0.5257142857142857 0.25148809523809523 0.5052380952380953 0.2538690476190476 0.47714285714285715 0.26517857142857143 0.46 0.26875 0.4595238095238095