2 0.6080357142857142 0.3985714285714286 0.6127976190476191 0.4123809523809524 0.6199404761904762 0.4219047619047619 0.6232142857142857 0.43333333333333335 0.6232142857142857 0.4471428571428571 0.6199404761904762 0.4552380952380952 0.6190476190476191 0.4719047619047619 0.6217261904761905 0.5257142857142857 0.6196428571428572 0.5290476190476191 0.6160714285714286 0.5257142857142857 0.6133928571428572 0.4957142857142857 0.6089285714285714 0.4876190476190476 0.60625 0.49333333333333335 0.6050595238095238 0.5257142857142857 0.6032738095238095 0.5295238095238095 0.5988095238095238 0.5304761904761904 0.5976190476190476 0.5257142857142857 0.5997023809523809 0.5185714285714286 0.6 0.4519047619047619 0.5991071428571428 0.44904761904761903 0.5952380952380952 0.4519047619047619 0.5919642857142857 0.4595238095238095 0.5895833333333333 0.45571428571428574 0.5982142857142857 0.4280952380952381 0.6014880952380952 0.4004761904761905 0.6077380952380952 0.3985714285714286
2 0.43898809523809523 0.7704761904761904 0.44345238095238093 0.7761904761904762 0.44166666666666665 0.7961904761904762 0.4479166666666667 0.8042857142857143 0.4488095238095238 0.8195238095238095 0.4455357142857143 0.8709523809523809 0.4398809523809524 0.8966666666666666 0.4392857142857143 0.9223809523809524 0.4357142857142857 0.9476190476190476 0.42232142857142857 0.9438095238095238 0.4205357142857143 0.9404761904761905 0.42291666666666666 0.9261904761904762 0.41845238095238096 0.9023809523809524 0.4181547619047619 0.8538095238095238 0.42470238095238094 0.8352380952380952 0.42529761904761904 0.810952380952381 0.4324404761904762 0.7961904761904762 0.43214285714285716 0.7757142857142857 0.4342261904761905 0.7714285714285715 0.4386904761904762 0.7704761904761904
2 0.4125 0.5219047619047619 0.4154761904761905 0.5238095238095238 0.4166666666666667 0.5395238095238095 0.4217261904761905 0.5447619047619048 0.4238095238095238 0.5566666666666666 0.41636904761904764 0.6328571428571429 0.4199404761904762 0.6466666666666666 0.41845238095238096 0.6495238095238095 0.41369047619047616 0.6480952380952381 0.4086309523809524 0.6404761904761904 0.4101190476190476 0.6157142857142858 0.4080357142857143 0.6042857142857143 0.39553571428571427 0.611904761904762 0.3842261904761905 0.6452380952380953 0.3800595238095238 0.6447619047619048 0.3770833333333333 0.6404761904761904 0.38184523809523807 0.6319047619047619 0.38720238095238096 0.611904761904762 0.3919642857142857 0.6019047619047619 0.3958333333333333 0.5819047619047619 0.39464285714285713 0.5780952380952381 0.3875 0.5828571428571429 0.3854166666666667 0.5814285714285714 0.40089285714285716 0.5452380952380952 0.4068452380952381 0.5395238095238095 0.4074404761904762 0.5261904761904762 0.41220238095238093 0.5219047619047619
2 0.7988095238095239 0.4076190476190476 0.8014880952380953 0.41095238095238096 0.8017857142857143 0.4247619047619048 0.8086309523809524 0.4328571428571429 0.8107142857142857 0.4519047619047619 0.805952380952381 0.4666666666666667 0.8056547619047619 0.5047619047619047 0.8023809523809524 0.5109523809523809 0.7982142857142858 0.5457142857142857 0.7904761904761904 0.5566666666666666 0.7848214285714286 0.5533333333333333 0.7866071428571428 0.5438095238095239 0.7857142857142857 0.4785714285714286 0.7821428571428571 0.4666666666666667 0.7863095238095238 0.4533333333333333 0.7904761904761904 0.4114285714285714 0.79375 0.4076190476190476 0.7985119047619048 0.4076190476190476
2 0.41458333333333336 0.45095238095238094 0.4166666666666667 0.4552380952380952 0.4154761904761905 0.4676190476190476 0.4181547619047619 0.48 0.41845238095238096 0.49857142857142855 0.42589285714285713 0.5057142857142857 0.42738095238095236 0.5166666666666667 0.42529761904761904 0.5204761904761904 0.4181547619047619 0.5190476190476191 0.4148809523809524 0.5261904761904762 0.40922619047619047 0.5252380952380953 0.40773809523809523 0.5285714285714286 0.40922619047619047 0.5366666666666666 0.4041666666666667 0.5442857142857143 0.40089285714285716 0.5433333333333333 0.39880952380952384 0.5276190476190477 0.4 0.4795238095238095 0.40714285714285714 0.46476190476190476 0.4083333333333333 0.45285714285714285 0.4142857142857143 0.45095238095238094
2 0.22023809523809523 0.37333333333333335 0.22232142857142856 0.38047619047619047 0.21845238095238095 0.3904761904761905 0.21458333333333332 0.4119047619047619 0.21666666666666667 0.41619047619047617 0.2226190476190476 0.4176190476190476 0.2261904761904762 0.42952380952380953 0.23125 0.43238095238095237 0.22380952380952382 0.4342857142857143 0.21339285714285713 0.4280952380952381 0.2113095238095238 0.43523809523809526 0.2175595238095238 0.44761904761904764 0.22083333333333333 0.4595238095238095 0.21726190476190477 0.490952380952381 0.22380952380952382 0.49952380952380954 0.22023809523809523 0.5028571428571429 0.20982142857142858 0.5014285714285714 0.21160714285714285 0.4838095238095238 0.20982142857142858 0.47333333333333333 0.2005952380952381 0.49 0.19940476190476192 0.5057142857142857 0.1949404761904762 0.5047619047619047 0.19285714285714287 0.4961904761904762 0.2017857142857143 0.4657142857142857 0.1931547619047619 0.44571428571428573 0.19226190476190477 0.43238095238095237 0.20267857142857143 0.3980952380952381 0.21220238095238095 0.3871428571428571 0.21458333333333332 0.3738095238095238 0.2199404761904762 0.37333333333333335
2 0.7761904761904762 0.23476190476190475 0.7803571428571429 0.23761904761904762 0.781547619047619 0.24619047619047618 0.7866071428571428 0.2557142857142857 0.787797619047619 0.26666666666666666 0.7839285714285714 0.31476190476190474 0.7806547619047619 0.3242857142857143 0.7776785714285714 0.32142857142857145 0.7758928571428572 0.2985714285714286 0.7726190476190476 0.3 0.7752976190476191 0.31047619047619046 0.7693452380952381 0.32047619047619047 0.7678571428571429 0.31761904761904763 0.7690476190476191 0.3076190476190476 0.7648809523809523 0.3028571428571429 0.7654761904761904 0.29333333333333333 0.7711309523809524 0.28 0.7720238095238096 0.2714285714285714 0.7699404761904762 0.26666666666666666 0.7645833333333333 0.26904761904761904 0.7639880952380952 0.26571428571428574 0.7696428571428572 0.25857142857142856 0.7723214285714286 0.23761904761904762 0.7758928571428572 0.23476190476190475
2 0.8571428571428571 0.2795238095238095 0.8604166666666667 0.28285714285714286 0.8607142857142858 0.2923809523809524 0.8663690476190476 0.29619047619047617 0.8729166666666667 0.31142857142857144 0.8767857142857143 0.3314285714285714 0.8764880952380952 0.33666666666666667 0.8732142857142857 0.3357142857142857 0.8702380952380953 0.3223809523809524 0.8654761904761905 0.32 0.862202380952381 0.3523809523809524 0.8589285714285714 0.36238095238095236 0.8601190476190477 0.3842857142857143 0.8633928571428572 0.3980952380952381 0.8592261904761904 0.40190476190476193 0.85625 0.3980952380952381 0.8523809523809524 0.3838095238095238 0.8511904761904762 0.3976190476190476 0.8485119047619047 0.3980952380952381 0.8452380952380952 0.39285714285714285 0.85 0.3619047619047619 0.8470238095238095 0.33904761904761904 0.8455357142857143 0.3361904761904762 0.843452380952381 0.3419047619047619 0.8416666666666667 0.34285714285714286 0.8407738095238095 0.34 0.8419642857142857 0.31761904761904763 0.8452380952380952 0.3028571428571429 0.8508928571428571 0.29285714285714287 0.8520833333333333 0.2819047619047619 0.856845238095238 0.2795238095238095
2 0.5577380952380953 0.5733333333333334 0.5657738095238095 0.5795238095238096 0.575297619047619 0.5780952380952381 0.587202380952381 0.5914285714285714 0.6083333333333333 0.5933333333333334 0.6223214285714286 0.6057142857142858 0.6241071428571429 0.6090476190476191 0.6232142857142857 0.6176190476190476 0.5949404761904762 0.6142857142857143 0.5889880952380953 0.6228571428571429 0.5779761904761904 0.6223809523809524 0.5711309523809524 0.6195238095238095 0.5660714285714286 0.6138095238095238 0.5598214285714286 0.599047619047619 0.5556547619047619 0.5752380952380952 0.5574404761904762 0.5733333333333334
2 0.6514880952380953 0.4876190476190476 0.6541666666666667 0.490952380952381 0.6550595238095238 0.5019047619047619 0.6613095238095238 0.5142857142857142 0.6625 0.5371428571428571 0.6663690476190476 0.5538095238095239 0.662797619047619 0.5885714285714285 0.6773809523809524 0.6161904761904762 0.6767857142857143 0.621904761904762 0.6717261904761904 0.6252380952380953 0.6675595238095238 0.6228571428571429 0.669047619047619 0.6171428571428571 0.6678571428571428 0.611904761904762 0.6589285714285714 0.6023809523809524 0.6508928571428572 0.5857142857142857 0.6473214285714286 0.5885714285714285 0.6443452380952381 0.6 0.6333333333333333 0.6228571428571429 0.6267857142857143 0.6233333333333333 0.6244047619047619 0.6195238095238095 0.624702380952381 0.6161904761904762 0.631547619047619 0.6080952380952381 0.6413690476190477 0.5814285714285714 0.65 0.5480952380952381 0.6476190476190476 0.540952380952381 0.6318452380952381 0.5395238095238095 0.6285714285714286 0.5342857142857143 0.643452380952381 0.5290476190476191 0.6428571428571429 0.5247619047619048 0.6389880952380952 0.520952380952381 0.638095238095238 0.5133333333333333 0.6404761904761904 0.5090476190476191 0.6458333333333334 0.5119047619047619 0.6476190476190476 0.5190476190476191 0.6449404761904762 0.490952380952381 0.6511904761904762 0.4876190476190476
2 0.7535714285714286 0.3319047619047619 0.75625 0.3352380952380952 0.7568452380952381 0.34523809523809523 0.7651785714285714 0.35904761904761906 0.7690476190476191 0.3761904761904762 0.7705357142857143 0.40190476190476193 0.7696428571428572 0.4076190476190476 0.7678571428571429 0.4076190476190476 0.7651785714285714 0.3871428571428571 0.7613095238095238 0.38047619047619047 0.7544642857142857 0.4319047619047619 0.7538690476190476 0.45380952380952383 0.7488095238095238 0.46714285714285714 0.7443452380952381 0.4661904761904762 0.7461309523809524 0.4461904761904762 0.7392857142857143 0.41904761904761906 0.7416666666666667 0.37761904761904763 0.7377976190476191 0.37857142857142856 0.7276785714285714 0.38952380952380955 0.7255952380952381 0.38666666666666666 0.7386904761904762 0.3661904761904762 0.7458333333333333 0.34523809523809523 0.7473214285714286 0.3323809523809524 0.7532738095238095 0.3319047619047619
0 0.17559523809523808 0.42095238095238097 0.18035714285714285 0.42428571428571427 0.18125 0.43238095238095237 0.17529761904761904 0.43761904761904763 0.17142857142857143 0.4342857142857143 0.17023809523809524 0.42857142857142855 0.17529761904761904 0.42095238095238097
3 0.5821428571428572 0.22095238095238096 0.5851190476190476 0.22333333333333333 0.5869047619047619 0.23333333333333334 0.594047619047619 0.24857142857142858 0.5952380952380952 0.26904761904761904 0.5886904761904762 0.2938095238095238 0.5904761904761905 0.3252380952380952 0.5883928571428572 0.32857142857142857 0.5848214285714286 0.3223809523809524 0.5815476190476191 0.33285714285714285 0.5779761904761904 0.3319047619047619 0.5764880952380952 0.2995238095238095 0.5720238095238095 0.2652380952380952 0.5741071428571428 0.23857142857142857 0.5776785714285714 0.2342857142857143 0.5788690476190477 0.22333333333333333 0.5818452380952381 0.22095238095238096