0 0.8461309523809524 0.4804761904761905 0.8488095238095238 0.4876190476190476 0.8455357142857143 0.49333333333333335 0.8410714285714286 0.4919047619047619 0.8395833333333333 0.4857142857142857 0.8416666666666667 0.48095238095238096 0.8458333333333333 0.4804761904761905
2 0.9357142857142857 0.5014285714285714 0.9398809523809524 0.508095238095238 0.9410714285714286 0.518095238095238 0.9321428571428572 0.5566666666666666 0.9220238095238096 0.5761904761904761 0.9196428571428571 0.570952380952381 0.9241071428571429 0.5538095238095239 0.9211309523809523 0.549047619047619 0.91875 0.5604761904761905 0.9139880952380952 0.5642857142857143 0.9142857142857143 0.5504761904761905 0.91875 0.5452380952380952 0.9220238095238096 0.5333333333333333 0.9208333333333333 0.5214285714285715 0.9238095238095239 0.5119047619047619 0.9282738095238096 0.5047619047619047 0.9354166666666667 0.5014285714285714
2 0.8488095238095238 0.3028571428571429 0.8523809523809524 0.3057142857142857 0.8535714285714285 0.3142857142857143 0.8583333333333333 0.3238095238095238 0.8571428571428571 0.3342857142857143 0.8583333333333333 0.3385714285714286 0.8550595238095238 0.34476190476190477 0.8547619047619047 0.3538095238095238 0.8592261904761904 0.37666666666666665 0.8559523809523809 0.37952380952380954 0.8523809523809524 0.37857142857142856 0.8526785714285714 0.3661904761904762 0.8485119047619047 0.36095238095238097 0.8452380952380952 0.3823809523809524 0.8392857142857143 0.38285714285714284 0.8416666666666667 0.37666666666666665 0.8428571428571429 0.3385714285714286 0.8392857142857143 0.3238095238095238 0.8446428571428571 0.3061904761904762 0.8485119047619047 0.30333333333333334
2 0.7386904761904762 0.39380952380952383 0.7416666666666667 0.4104761904761905 0.7413690476190476 0.41904761904761906 0.731547619047619 0.4480952380952381 0.7303571428571428 0.47 0.7273809523809524 0.4747619047619048 0.7238095238095238 0.4738095238095238 0.7258928571428571 0.4657142857142857 0.7258928571428571 0.46 0.7238095238095238 0.4561904761904762 0.718452380952381 0.46904761904761905 0.7113095238095238 0.47714285714285715 0.7104166666666667 0.4738095238095238 0.7202380952380952 0.44952380952380955 0.7196428571428571 0.43142857142857144 0.7220238095238095 0.4114285714285714 0.7306547619047619 0.40285714285714286 0.7342261904761904 0.3942857142857143 0.7383928571428572 0.39380952380952383
2 0.5241071428571429 0.6019047619047619 0.5258928571428572 0.6023809523809524 0.5261904761904762 0.6071428571428571 0.5241071428571429 0.6190476190476191 0.5235119047619048 0.6485714285714286 0.5160714285714286 0.6885714285714286 0.5193452380952381 0.6957142857142857 0.5160714285714286 0.6976190476190476 0.5107142857142857 0.6966666666666667 0.5050595238095238 0.6914285714285714 0.5029761904761905 0.6819047619047619 0.5104166666666666 0.6657142857142857 0.5116071428571428 0.6223809523809524 0.5190476190476191 0.6123809523809524 0.5199404761904762 0.6047619047619047 0.5238095238095238 0.6019047619047619
2 0.5744047619047619 0.5247619047619048 0.5767857142857142 0.5295238095238095 0.5770833333333333 0.5571428571428572 0.5818452380952381 0.5671428571428572 0.5776785714285714 0.5661904761904762 0.5747023809523809 0.5614285714285714 0.5720238095238095 0.5623809523809524 0.5723214285714285 0.5742857142857143 0.5660714285714286 0.5852380952380952 0.5598214285714286 0.5842857142857143 0.5592261904761905 0.5814285714285714 0.5633928571428571 0.5742857142857143 0.5583333333333333 0.5719047619047619 0.5431547619047619 0.5871428571428572 0.5398809523809524 0.5876190476190476 0.5413690476190476 0.5785714285714286 0.55625 0.5652380952380952 0.55625 0.5504761904761905 0.5604166666666667 0.540952380952381 0.5681547619047619 0.5333333333333333 0.5714285714285714 0.5257142857142857 0.5741071428571428 0.5252380952380953
2 0.7559523809523809 0.4228571428571429 0.7586309523809524 0.4238095238095238 0.7601190476190476 0.4328571428571429 0.7720238095238096 0.45285714285714285 0.7723214285714286 0.45666666666666667 0.7690476190476191 0.4576190476190476 0.7577380952380952 0.44 0.7482142857142857 0.4519047619047619 0.7476190476190476 0.4695238095238095 0.7395833333333334 0.4747619047619048 0.7342261904761904 0.48238095238095235 0.7303571428571428 0.4795238095238095 0.7244047619047619 0.4828571428571429 0.7223214285714286 0.48095238095238096 0.7223214285714286 0.47714285714285715 0.7235119047619047 0.47523809523809524 0.7306547619047619 0.47714285714285715 0.736904761904762 0.4595238095238095 0.7360119047619048 0.4419047619047619 0.7375 0.43523809523809526 0.7446428571428572 0.42904761904761907 0.7514880952380952 0.42857142857142855 0.7556547619047619 0.4228571428571429
2 0.8770833333333333 0.32666666666666666 0.8803571428571428 0.33666666666666667 0.888095238095238 0.3457142857142857 0.8913690476190477 0.3580952380952381 0.8872023809523809 0.3580952380952381 0.8836309523809524 0.35095238095238096 0.8821428571428571 0.3519047619047619 0.8791666666666667 0.3657142857142857 0.8669642857142857 0.3919047619047619 0.8633928571428572 0.3904761904761905 0.8660714285714286 0.38 0.8675595238095238 0.3595238095238095 0.8657738095238096 0.3419047619047619 0.8741071428571429 0.32761904761904764 0.8767857142857143 0.32666666666666666
2 0.6791666666666667 0.4866666666666667 0.02261904761904762 0.08571428571428572
2 0.9360119047619048 0.39904761904761904 0.9494047619047619 0.4257142857142857 0.9494047619047619 0.44952380952380955 0.9550595238095239 0.46523809523809523 0.9529761904761904 0.46904761904761905 0.9491071428571428 0.4685714285714286 0.9461309523809524 0.46190476190476193 0.9431547619047619 0.46476190476190476 0.937797619047619 0.4642857142857143 0.9386904761904762 0.4561904761904762 0.9300595238095238 0.44285714285714284 0.9336309523809524 0.4204761904761905 0.9306547619047619 0.4038095238095238 0.9315476190476191 0.4004761904761905 0.9357142857142857 0.39904761904761904
2 0.8044642857142857 0.4666666666666667 0.80625 0.47 0.805952380952381 0.47714285714285715 0.8107142857142857 0.4861904761904762 0.8145833333333333 0.5119047619047619 0.8104166666666667 0.5104761904761905 0.8077380952380953 0.5133333333333333 0.8017857142857143 0.540952380952381 0.7967261904761904 0.5519047619047619 0.7934523809523809 0.5495238095238095 0.7985119047619048 0.5333333333333333 0.7988095238095239 0.5280952380952381 0.7970238095238096 0.5257142857142857 0.7845238095238095 0.550952380952381 0.7818452380952381 0.550952380952381 0.780952380952381 0.5466666666666666 0.7907738095238095 0.5242857142857142 0.794345238095238 0.4847619047619048 0.799702380952381 0.4766666666666667 0.8002976190476191 0.4695238095238095 0.8041666666666667 0.4666666666666667
2 0.6336309523809524 0.5104761904761905 0.6339285714285714 0.5242857142857142 0.6369047619047619 0.5342857142857143 0.6363095238095238 0.5423809523809524 0.6300595238095238 0.5642857142857143 0.6151785714285715 0.5885714285714285 0.6125 0.5885714285714285 0.612202380952381 0.5842857142857143 0.6172619047619048 0.5361904761904762 0.6199404761904762 0.5280952380952381 0.6276785714285714 0.52 0.6285714285714286 0.5123809523809524 0.6333333333333333 0.5104761904761905
2 0.6407738095238096 0.38333333333333336 0.643154761904762 0.38571428571428573 0.6473214285714286 0.4042857142857143 0.6473214285714286 0.4104761904761905 0.6422619047619048 0.4266666666666667 0.6419642857142858 0.45714285714285713 0.6401785714285714 0.4595238095238095 0.6345238095238095 0.4423809523809524 0.6297619047619047 0.43952380952380954 0.61875 0.46095238095238095 0.6154761904761905 0.45904761904761904 0.6244047619047619 0.4357142857142857 0.6238095238095238 0.4266666666666667 0.6264880952380952 0.4076190476190476 0.6354166666666666 0.39285714285714285 0.6372023809523809 0.38571428571428573 0.6404761904761904 0.38333333333333336
2 0.825 0.2652380952380952 0.8360119047619048 0.29714285714285715 0.8261904761904761 0.3119047619047619 0.8244047619047619 0.3238095238095238 0.8184523809523809 0.33095238095238094 0.812797619047619 0.32857142857142857 0.8184523809523809 0.31761904761904763 0.8214285714285714 0.2966666666666667 0.8157738095238095 0.2895238095238095 0.8217261904761904 0.2861904761904762 0.8211309523809524 0.2671428571428571 0.8247023809523809 0.2652380952380952
1 0.4913690476190476 0.36333333333333334 0.493452380952381 0.3676190476190476 0.4913690476190476 0.3914285714285714 0.49375 0.3976190476190476 0.49375 0.4042857142857143 0.49107142857142855 0.4342857142857143 0.4842261904761905 0.4357142857142857 0.4869047619047619 0.42 0.48660714285714285 0.41523809523809524 0.4842261904761905 0.41333333333333333 0.4806547619047619 0.4219047619047619 0.4785714285714286 0.4419047619047619 0.4738095238095238 0.44476190476190475 0.47619047619047616 0.42095238095238097 0.47619047619047616 0.4147619047619048 0.47351190476190474 0.41095238095238096 0.47470238095238093 0.39380952380952383 0.48720238095238094 0.3647619047619048 0.49107142857142855 0.36333333333333334
3 0.9264880952380953 0.46285714285714286 0.9285714285714286 0.47333333333333333 0.9348214285714286 0.48428571428571426 0.9366071428571429 0.4976190476190476 0.924404761904762 0.5152380952380953 0.9202380952380952 0.53 0.9205357142857142 0.5423809523809524 0.9181547619047619 0.5557142857142857 0.9148809523809524 0.5642857142857143 0.912797619047619 0.5638095238095238 0.9139880952380952 0.5385714285714286 0.9119047619047619 0.5252380952380953 0.9145833333333333 0.5128571428571429 0.919047619047619 0.5042857142857143 0.9169642857142857 0.49666666666666665 0.9113095238095238 0.48857142857142855 0.9113095238095238 0.4838095238095238 0.9199404761904761 0.47333333333333333 0.9217261904761904 0.4633333333333333 0.9261904761904762 0.46285714285714286