0 0.6651785714285714 0.29904761904761906 0.6684523809523809 0.3028571428571429 0.6699404761904761 0.310952380952381 0.6684523809523809 0.3157142857142857 0.6648809523809524 0.31761904761904763 0.6601190476190476 0.3161904761904762 0.6577380952380952 0.31047619047619046 0.6592261904761905 0.30047619047619045 0.6648809523809524 0.29904761904761906
2 0.7482142857142857 0.3566666666666667 0.750297619047619 0.35904761904761906 0.7514880952380952 0.37142857142857144 0.7583333333333333 0.3780952380952381 0.7619047619047619 0.3871428571428571 0.7619047619047619 0.4076190476190476 0.7520833333333333 0.42714285714285716 0.75 0.44047619047619047 0.7520833333333333 0.45476190476190476 0.750297619047619 0.4714285714285714 0.7467261904761905 0.4714285714285714 0.7443452380952381 0.4576190476190476 0.7407738095238096 0.46523809523809523 0.7380952380952381 0.4804761904761905 0.7345238095238096 0.48238095238095235 0.7321428571428571 0.4804761904761905 0.7324404761904761 0.47714285714285715 0.7395833333333334 0.4480952380952381 0.7398809523809524 0.4380952380952381 0.7386904761904762 0.4114285714285714 0.7330357142857142 0.4023809523809524 0.731845238095238 0.3942857142857143 0.7363095238095239 0.37714285714285717 0.7422619047619048 0.37 0.7431547619047619 0.3595238095238095 0.7479166666666667 0.3566666666666667
2 0.5821428571428572 0.31476190476190474 0.5842261904761905 0.31761904761904763 0.5848214285714286 0.3252380952380952 0.5898809523809524 0.3314285714285714 0.5901785714285714 0.3361904761904762 0.5860119047619048 0.3657142857142857 0.5854166666666667 0.3923809523809524 0.5818452380952381 0.4257142857142857 0.5770833333333333 0.42142857142857143 0.5761904761904761 0.40904761904761905 0.5782738095238096 0.39904761904761904 0.5705357142857143 0.38666666666666666 0.5675595238095238 0.3519047619047619 0.5699404761904762 0.33476190476190476 0.5773809523809523 0.32666666666666666 0.5785714285714286 0.3171428571428571 0.5818452380952381 0.31476190476190474
2 0.6994047619047619 0.5161904761904762 0.7065476190476191 0.530952380952381 0.7050595238095239 0.5528571428571428 0.7 0.5619047619047619 0.7038690476190477 0.6052380952380952 0.6985119047619047 0.6052380952380952 0.6946428571428571 0.5780952380952381 0.6883928571428571 0.5719047619047619 0.6803571428571429 0.5819047619047619 0.6797619047619048 0.6014285714285714 0.6755952380952381 0.6095238095238096 0.6729166666666667 0.6057142857142858 0.6738095238095239 0.5833333333333334 0.6800595238095238 0.5423809523809524 0.6782738095238096 0.5385714285714286 0.6720238095238096 0.5366666666666666 0.6720238095238096 0.5323809523809524 0.6788690476190476 0.518095238095238 0.6895833333333333 0.5114285714285715 0.6925595238095238 0.49523809523809526 0.6964285714285714 0.49476190476190474 0.6982142857142857 0.4976190476190476 0.6970238095238095 0.5123809523809524 0.6991071428571428 0.5161904761904762
2 0.4568452380952381 0.42714285714285716 0.46041666666666664 0.4328571428571429 0.46041666666666664 0.44761904761904764 0.4663690476190476 0.47904761904761906 0.4625 0.48095238095238096 0.45625 0.4719047619047619 0.45029761904761906 0.4861904761904762 0.4488095238095238 0.5 0.4494047619047619 0.5276190476190477 0.4467261904761905 0.5471428571428572 0.4467261904761905 0.5533333333333333 0.45 0.5604761904761905 0.4485119047619048 0.5628571428571428 0.44107142857142856 0.56 0.44047619047619047 0.5295238095238095 0.43898809523809523 0.5266666666666666 0.4357142857142857 0.5276190476190477 0.42678571428571427 0.5385714285714286 0.425 0.55 0.4217261904761905 0.55 0.42083333333333334 0.539047619047619 0.4217261904761905 0.5319047619047619 0.4354166666666667 0.5133333333333333 0.43333333333333335 0.4795238095238095 0.4303571428571429 0.4704761904761905 0.43214285714285716 0.46095238095238095 0.43898809523809523 0.44761904761904764 0.4488095238095238 0.44 0.45148809523809524 0.42857142857142855 0.45654761904761904 0.42714285714285716
2 0.5261904761904762 0.2642857142857143 0.5285714285714286 0.2680952380952381 0.5282738095238095 0.3038095238095238 0.5300595238095238 0.31142857142857144 0.5270833333333333 0.31857142857142856 0.5166666666666667 0.33 0.5122023809523809 0.35095238095238096 0.5086309523809524 0.34904761904761905 0.5086309523809524 0.3414285714285714 0.513095238095238 0.32571428571428573 0.5169642857142858 0.28476190476190477 0.5226190476190476 0.26666666666666666 0.5258928571428572 0.2642857142857143
2 0.5744047619047619 0.39 0.5776785714285714 0.40095238095238095 0.5738095238095238 0.4138095238095238 0.5729166666666666 0.42523809523809525 0.58125 0.4419047619047619 0.5779761904761904 0.4452380952380952 0.5747023809523809 0.4380952380952381 0.5720238095238095 0.44095238095238093 0.575297619047619 0.46285714285714286 0.5747023809523809 0.4961904761904762 0.5779761904761904 0.5052380952380953 0.5747023809523809 0.5071428571428571 0.5684523809523809 0.5052380952380953 0.5675595238095238 0.47714285714285715 0.5654761904761905 0.4980952380952381 0.5669642857142857 0.5052380952380953 0.5601190476190476 0.5071428571428571 0.5592261904761905 0.4738095238095238 0.5541666666666667 0.4704761904761905 0.5529761904761905 0.4666666666666667 0.5556547619047619 0.42142857142857143 0.5601190476190476 0.41 0.5684523809523809 0.40095238095238095 0.5714285714285714 0.3914285714285714 0.5741071428571428 0.3904761904761905
2 0.6488095238095238 0.4680952380952381 0.6517857142857143 0.47285714285714286 0.6517857142857143 0.48428571428571426 0.6595238095238095 0.4895238095238095 0.6657738095238095 0.5057142857142857 0.6636904761904762 0.56 0.6714285714285714 0.5952380952380952 0.6681547619047619 0.5985714285714285 0.6619047619047619 0.5876190476190476 0.6580357142857143 0.5895238095238096 0.6517857142857143 0.5980952380952381 0.6473214285714286 0.6152380952380953 0.6440476190476191 0.6114285714285714 0.643452380952381 0.5976190476190476 0.6523809523809524 0.5747619047619048 0.6520833333333333 0.5628571428571428 0.6440476190476191 0.5428571428571428 0.6389880952380952 0.5471428571428572 0.6369047619047619 0.5604761904761905 0.6327380952380952 0.5466666666666666 0.6321428571428571 0.5242857142857142 0.6357142857142857 0.4976190476190476 0.6425595238095239 0.4847619047619048 0.6419642857142858 0.47333333333333333 0.6440476190476191 0.4685714285714286 0.6485119047619048 0.4680952380952381
2 0.638095238095238 0.4204761904761905 0.6404761904761904 0.42095238095238097 0.6404761904761904 0.42333333333333334 0.6339285714285714 0.4423809523809524 0.6276785714285714 0.45285714285714285 0.6336309523809524 0.4666666666666667 0.6425595238095239 0.47285714285714286 0.6419642857142858 0.4876190476190476 0.6336309523809524 0.49857142857142855 0.6300595238095238 0.4942857142857143 0.6241071428571429 0.4785714285714286 0.6139880952380953 0.4719047619047619 0.606845238095238 0.47714285714285715 0.5973214285714286 0.49476190476190474 0.5952380952380952 0.4961904761904762 0.5946428571428571 0.4938095238095238 0.6101190476190477 0.44952380952380955 0.6056547619047619 0.43714285714285717 0.6074404761904761 0.42904761904761907 0.6130952380952381 0.4276190476190476 0.6175595238095238 0.43857142857142856 0.6235119047619048 0.44095238095238093 0.6306547619047619 0.43333333333333335 0.6348214285714285 0.42238095238095236 0.637797619047619 0.4204761904761905
2 0.5482142857142858 0.31333333333333335 0.5502976190476191 0.3171428571428571 0.5517857142857143 0.35285714285714287 0.5455357142857142 0.38095238095238093 0.5479166666666667 0.3904761904761905 0.544345238095238 0.39285714285714285 0.5392857142857143 0.3904761904761905 0.5413690476190476 0.3638095238095238 0.5407738095238095 0.3585714285714286 0.5372023809523809 0.35619047619047617 0.5321428571428571 0.3580952380952381 0.5244047619047619 0.37 0.5208333333333334 0.37761904761904763 0.5190476190476191 0.38904761904761903 0.5154761904761904 0.38857142857142857 0.5148809523809523 0.3838095238095238 0.5238095238095238 0.3519047619047619 0.5235119047619048 0.32666666666666666 0.525 0.32142857142857145 0.5303571428571429 0.31333333333333335 0.5366071428571428 0.30904761904761907 0.5398809523809524 0.2980952380952381 0.5446428571428571 0.3 0.5452380952380952 0.3076190476190476 0.5479166666666667 0.31333333333333335
3 0.6104166666666667 0.18619047619047618 0.6142857142857143 0.18904761904761905 0.6151785714285715 0.19523809523809524 0.6196428571428572 0.2019047619047619 0.6208333333333333 0.21047619047619048 0.6196428571428572 0.23142857142857143 0.6211309523809524 0.24857142857142858 0.6196428571428572 0.2652380952380952 0.6175595238095238 0.2661904761904762 0.6154761904761905 0.2652380952380952 0.6092261904761904 0.24761904761904763 0.6059523809523809 0.26571428571428574 0.6023809523809524 0.26571428571428574 0.6020833333333333 0.26285714285714284 0.6017857142857143 0.2509523809523809 0.6041666666666666 0.2357142857142857 0.6017857142857143 0.20952380952380953 0.6032738095238095 0.2 0.6101190476190477 0.18619047619047618
3 0.2943452380952381 0.2704761904761905 0.2967261904761905 0.2838095238095238 0.30089285714285713 0.29 0.30357142857142855 0.30523809523809525 0.30357142857142855 0.31761904761904763 0.2967261904761905 0.31952380952380954 0.29375 0.36 0.2830357142857143 0.3619047619047619 0.28095238095238095 0.3142857142857143 0.2794642857142857 0.31 0.2767857142857143 0.3142857142857143 0.274702380952381 0.3138095238095238 0.27589285714285716 0.30238095238095236 0.2794642857142857 0.2895238095238095 0.2883928571428571 0.2785714285714286 0.2898809523809524 0.27095238095238094 0.29404761904761906 0.2704761904761905
1 0.21666666666666667 0.4 0.22053571428571428 0.4023809523809524 0.2220238095238095 0.40714285714285714 0.2193452380952381 0.42142857142857143 0.22023809523809523 0.44571428571428573 0.23095238095238096 0.4614285714285714 0.2318452380952381 0.4666666666666667 0.22976190476190475 0.4704761904761905 0.21696428571428572 0.45 0.21458333333333332 0.45285714285714285 0.21428571428571427 0.4595238095238095 0.21875 0.47 0.22113095238095237 0.4876190476190476 0.21696428571428572 0.5166666666666667 0.2226190476190476 0.5257142857142857 0.22023809523809523 0.5280952380952381 0.20982142857142858 0.5257142857142857 0.20892857142857144 0.5214285714285715 0.2125 0.5014285714285714 0.21011904761904762 0.49714285714285716 0.20267857142857143 0.5123809523809524 0.2017857142857143 0.5280952380952381 0.19702380952380952 0.5285714285714286 0.1949404761904762 0.5219047619047619 0.19613095238095238 0.5104761904761905 0.20476190476190476 0.490952380952381 0.20416666666666666 0.48428571428571426 0.19970238095238096 0.4776190476190476 0.19464285714285715 0.46285714285714286 0.19613095238095238 0.4442857142857143 0.2017857142857143 0.4261904761904762 0.21071428571428572 0.41523809523809524 0.21220238095238095 0.40190476190476193 0.21636904761904763 0.4004761904761905