0 0.6782738095238096 0.4319047619047619 0.6821428571428572 0.4319047619047619 0.6830357142857143 0.43523809523809526 0.6821428571428572 0.44 0.6785714285714286 0.44 0.6782738095238096 0.43238095238095237
2 0.5779761904761904 0.4 0.5827380952380953 0.40095238095238095 0.5860119047619048 0.4147619047619048 0.58125 0.4438095238095238 0.5767857142857142 0.45714285714285713 0.5729166666666666 0.4595238095238095 0.56875 0.44333333333333336 0.5723214285714285 0.43666666666666665 0.5738095238095238 0.4180952380952381 0.5779761904761904 0.4004761904761905
2 0.7705357142857143 0.43761904761904763 0.7770833333333333 0.45285714285714285 0.7773809523809524 0.48714285714285716 0.7758928571428572 0.51 0.7696428571428572 0.5085714285714286 0.7690476190476191 0.49476190476190474 0.768452380952381 0.508095238095238 0.7657738095238096 0.5114285714285715 0.7616071428571428 0.5095238095238095 0.7651785714285714 0.4695238095238095 0.7645833333333333 0.45666666666666667 0.7663690476190477 0.43952380952380954 0.7702380952380953 0.43761904761904763
2 0.4261904761904762 0.49 0.43333333333333335 0.5057142857142857 0.4324404761904762 0.5214285714285715 0.44166666666666665 0.5528571428571428 0.4401785714285714 0.5571428571428572 0.43660714285714286 0.5538095238095239 0.4288690476190476 0.5357142857142857 0.42589285714285713 0.5347619047619048 0.4205357142857143 0.5380952380952381 0.41577380952380955 0.5552380952380952 0.41160714285714284 0.5538095238095239 0.41785714285714287 0.5257142857142857 0.4142857142857143 0.5223809523809524 0.4148809523809524 0.5147619047619048 0.4226190476190476 0.49142857142857144 0.42589285714285713 0.49
2 0.6023809523809524 0.41095238095238096 0.6038690476190476 0.41523809523809524 0.5997023809523809 0.42857142857142855 0.5994047619047619 0.4561904761904762 0.5973214285714286 0.4580952380952381 0.5931547619047619 0.45666666666666667 0.5904761904761905 0.4519047619047619 0.5869047619047619 0.42523809523809525 0.5907738095238095 0.4147619047619048 0.6020833333333333 0.41095238095238096
2 0.3842261904761905 0.40285714285714286 0.3854166666666667 0.4176190476190476 0.3827380952380952 0.4438095238095238 0.3827380952380952 0.4704761904761905 0.38035714285714284 0.4723809523809524 0.37589285714285714 0.47 0.3729166666666667 0.43047619047619046 0.3767857142857143 0.4114285714285714 0.38035714285714284 0.4038095238095238 0.38392857142857145 0.40285714285714286
2 0.856845238095238 0.44333333333333336 0.8627976190476191 0.45714285714285713 0.8639880952380953 0.4876190476190476 0.8681547619047619 0.4980952380952381 0.8696428571428572 0.5090476190476191 0.8660714285714286 0.5085714285714286 0.8592261904761904 0.49666666666666665 0.8559523809523809 0.5128571428571429 0.8523809523809524 0.5123809523809524 0.8517857142857143 0.5066666666666667 0.8541666666666666 0.47333333333333333 0.8535714285714285 0.44571428571428573 0.856547619047619 0.44333333333333336
2 0.25535714285714284 0.5785714285714286 0.2580357142857143 0.5814285714285714 0.26011904761904764 0.6214285714285714 0.2642857142857143 0.6557142857142857 0.26726190476190476 0.6614285714285715 0.2657738095238095 0.6638095238095238 0.25892857142857145 0.6619047619047619 0.2550595238095238 0.6442857142857142 0.24464285714285713 0.6552380952380953 0.24464285714285713 0.6647619047619048 0.2398809523809524 0.6623809523809524 0.23779761904761904 0.6538095238095238 0.2467261904761905 0.6371428571428571 0.2461309523809524 0.6033333333333334 0.2517857142857143 0.5814285714285714 0.2550595238095238 0.5785714285714286
2 0.5050595238095238 0.3523809523809524 0.5074404761904762 0.35904761904761906 0.5074404761904762 0.3661904761904762 0.5029761904761905 0.4076190476190476 0.5 0.4076190476190476 0.4982142857142857 0.4038095238095238 0.49464285714285716 0.4085714285714286 0.4928571428571429 0.4076190476190476 0.49255952380952384 0.40285714285714286 0.4979166666666667 0.3619047619047619 0.5017857142857143 0.35428571428571426 0.5047619047619047 0.35285714285714287
2 0.3279761904761905 0.4261904761904762 0.3324404761904762 0.47333333333333333 0.33303571428571427 0.49142857142857144 0.33154761904761904 0.4942857142857143 0.3244047619047619 0.49142857142857144 0.3229166666666667 0.4857142857142857 0.3223214285714286 0.4380952380952381 0.3238095238095238 0.42714285714285716 0.32767857142857143 0.4261904761904762
2 0.7556547619047619 0.37238095238095237 0.7619047619047619 0.3842857142857143 0.763095238095238 0.4080952380952381 0.7654761904761904 0.41333333333333333 0.7654761904761904 0.41714285714285715 0.7592261904761904 0.42333333333333334 0.7559523809523809 0.4176190476190476 0.7505952380952381 0.39 0.7523809523809524 0.37523809523809526 0.7553571428571428 0.37238095238095237
2 0.8696428571428572 0.3566666666666667 0.8741071428571429 0.36142857142857143 0.8794642857142857 0.3861904761904762 0.8851190476190476 0.39380952380952383 0.8860119047619047 0.4 0.8732142857142857 0.3995238095238095 0.86875 0.3838095238095238 0.8693452380952381 0.35714285714285715
2 0.6386904761904761 0.7628571428571429 0.6470238095238096 0.7761904761904762 0.6473214285714286 0.78 0.6416666666666667 0.7804761904761904 0.6300595238095238 0.7628571428571429 0.6264880952380952 0.7671428571428571 0.6255952380952381 0.79 0.6235119047619048 0.7928571428571428 0.6172619047619048 0.79 0.6205357142857143 0.7833333333333333 0.6196428571428572 0.7542857142857143 0.6214285714285714 0.7476190476190476 0.6220238095238095 0.700952380952381 0.6232142857142857 0.6971428571428572 0.6261904761904762 0.6966666666666667 0.6318452380952381 0.7138095238095238 0.6363095238095238 0.7585714285714286 0.6383928571428571 0.7628571428571429
2 0.6541666666666667 0.5266666666666666 0.6577380952380952 0.5371428571428571 0.6577380952380952 0.5457142857142857 0.6544642857142857 0.590952380952381 0.6520833333333333 0.5933333333333334 0.6470238095238096 0.5919047619047619 0.6470238095238096 0.5847619047619048 0.6425595238095239 0.5666666666666667 0.6464285714285715 0.5185714285714286 0.6508928571428572 0.5166666666666667 0.6538690476190476 0.5266666666666666
2 0.6571428571428571 0.3904761904761905 0.656547619047619 0.4123809523809524 0.6583333333333333 0.42857142857142855 0.656547619047619 0.43 0.649702380952381 0.4276190476190476 0.6440476190476191 0.4076190476190476 0.6482142857142857 0.39714285714285713 0.6535714285714286 0.3904761904761905 0.6568452380952381 0.3904761904761905
2 0.687202380952381 0.3919047619047619 0.69375 0.40095238095238095 0.6961309523809524 0.4185714285714286 0.700595238095238 0.42857142857142855 0.6925595238095238 0.43666666666666665 0.6898809523809524 0.4357142857142857 0.687202380952381 0.4280952380952381 0.6854166666666667 0.40714285714285714 0.6821428571428572 0.39476190476190476 0.6824404761904762 0.39 0.6869047619047619 0.3919047619047619
2 0.4017857142857143 0.41714285714285715 0.40327380952380953 0.41904761904761906 0.40595238095238095 0.4580952380952381 0.40625 0.48142857142857143 0.4044642857142857 0.48333333333333334 0.3991071428571429 0.4785714285714286 0.39464285714285713 0.4438095238095238 0.3949404761904762 0.43142857142857144 0.39880952380952384 0.4185714285714286 0.40148809523809526 0.41714285714285715
3 0.5514880952380953 0.4542857142857143 0.5556547619047619 0.46714285714285714 0.5571428571428572 0.4861904761904762 0.5520833333333334 0.5033333333333333 0.5526785714285715 0.5171428571428571 0.5467261904761904 0.5219047619047619 0.54375 0.5190476190476191 0.5458333333333333 0.4980952380952381 0.5422619047619047 0.48238095238095235 0.5422619047619047 0.47 0.5479166666666667 0.45666666666666667 0.5511904761904762 0.4542857142857143
3 0.475 0.30952380952380953 0.47708333333333336 0.31142857142857144 0.4800595238095238 0.3314285714285714 0.4738095238095238 0.3485714285714286 0.4708333333333333 0.34523809523809523 0.4669642857142857 0.3476190476190476 0.4654761904761905 0.34476190476190477 0.46875 0.3319047619047619 0.4699404761904762 0.31333333333333335 0.47470238095238093 0.30952380952380953