0 0.7413690476190476 0.3919047619047619 0.7446428571428572 0.3985714285714286 0.7425595238095238 0.4042857142857143 0.7398809523809524 0.4057142857142857 0.7360119047619048 0.4042857142857143 0.7354166666666667 0.3980952380952381 0.7366071428571429 0.3933333333333333 0.7410714285714286 0.3919047619047619
2 0.768154761904762 0.3404761904761905 0.7776785714285714 0.3595238095238095 0.7758928571428572 0.3980952380952381 0.7869047619047619 0.4080952380952381 0.7696428571428572 0.41714285714285715 0.7654761904761904 0.4042857142857143 0.7616071428571428 0.40190476190476193 0.7553571428571428 0.4261904761904762 0.750297619047619 0.4257142857142857 0.7494047619047619 0.42142857142857143 0.7598214285714285 0.38142857142857145 0.7577380952380952 0.3485714285714286 0.7645833333333333 0.3395238095238095 0.7678571428571429 0.3404761904761905
2 0.22767857142857142 0.5014285714285714 0.2300595238095238 0.5052380952380953 0.22976190476190475 0.5128571428571429 0.23601190476190476 0.5228571428571429 0.2398809523809524 0.539047619047619 0.2398809523809524 0.5466666666666666 0.23392857142857143 0.5495238095238095 0.2318452380952381 0.5738095238095238 0.22857142857142856 0.5814285714285714 0.22976190476190475 0.6142857142857143 0.22797619047619047 0.6176190476190476 0.22380952380952382 0.6095238095238096 0.22083333333333333 0.6128571428571429 0.2193452380952381 0.6104761904761905 0.22113095238095237 0.580952380952381 0.21875 0.5457142857142857 0.21339285714285713 0.540952380952381 0.2125 0.5361904761904762 0.21458333333333332 0.5223809523809524 0.2220238095238095 0.5128571428571429 0.22321428571428573 0.5038095238095238 0.22738095238095238 0.5014285714285714
2 0.31547619047619047 0.3414285714285714 0.3235119047619048 0.3647619047619048 0.31934523809523807 0.38095238095238093 0.32529761904761906 0.4180952380952381 0.3211309523809524 0.4195238095238095 0.3175595238095238 0.4066666666666667 0.30029761904761904 0.42523809523809525 0.29851190476190476 0.42238095238095236 0.29970238095238094 0.4138095238095238 0.3101190476190476 0.4014285714285714 0.30714285714285716 0.3738095238095238 0.30357142857142855 0.3657142857142857 0.3032738095238095 0.3595238095238095 0.31279761904761905 0.3414285714285714 0.3151785714285714 0.3414285714285714
2 0.2520833333333333 0.5119047619047619 0.2550595238095238 0.5133333333333333 0.25535714285714284 0.5252380952380953 0.2619047619047619 0.5347619047619048 0.26726190476190476 0.5566666666666666 0.2654761904761905 0.5642857142857143 0.2619047619047619 0.5571428571428572 0.2598214285714286 0.56 0.26011904761904764 0.5814285714285714 0.2580357142857143 0.5914285714285714 0.2592261904761905 0.6195238095238095 0.25595238095238093 0.6223809523809524 0.25297619047619047 0.6195238095238095 0.25148809523809523 0.5861904761904762 0.24791666666666667 0.5971428571428572 0.24761904761904763 0.6157142857142858 0.24583333333333332 0.6176190476190476 0.2431547619047619 0.6157142857142858 0.24404761904761904 0.5576190476190476 0.24017857142857144 0.5476190476190477 0.24375 0.5328571428571428 0.24910714285714286 0.5257142857142857 0.2488095238095238 0.5147619047619048 0.2517857142857143 0.5119047619047619
2 0.33958333333333335 0.35904761904761906 0.3416666666666667 0.3628571428571429 0.3419642857142857 0.37 0.33898809523809526 0.38 0.33779761904761907 0.3952380952380952 0.33898809523809526 0.4180952380952381 0.33541666666666664 0.44476190476190475 0.33125 0.4438095238095238 0.32976190476190476 0.43857142857142856 0.32529761904761906 0.39380952380952383 0.33035714285714285 0.37 0.3351190476190476 0.36047619047619045 0.3392857142857143 0.35904761904761906
2 0.7110119047619048 0.4585714285714286 0.712202380952381 0.46714285714285714 0.7178571428571429 0.4776190476190476 0.7202380952380952 0.48904761904761906 0.7202380952380952 0.49333333333333335 0.7151785714285714 0.5052380952380953 0.7139880952380953 0.5385714285714286 0.7148809523809524 0.5528571428571428 0.71875 0.5604761904761905 0.7172619047619048 0.5633333333333334 0.7083333333333334 0.5657142857142857 0.70625 0.5652380952380952 0.705654761904762 0.559047619047619 0.7065476190476191 0.5314285714285715 0.7029761904761904 0.5228571428571429 0.6988095238095238 0.49047619047619045 0.6997023809523809 0.48095238095238096 0.7050595238095239 0.47 0.7065476190476191 0.45904761904761904 0.7107142857142857 0.4585714285714286
2 0.9148809523809524 0.8709523809523809 0.9181547619047619 0.8733333333333333 0.9184523809523809 0.8790476190476191 0.9181547619047619 0.8838095238095238 0.9148809523809524 0.8838095238095238 0.9148809523809524 0.8714285714285714
2 0.5229166666666667 0.36142857142857143 0.5235119047619048 0.3719047619047619 0.5336309523809524 0.4033333333333333 0.5288690476190476 0.40904761904761905 0.531547619047619 0.44761904761904764 0.5294642857142857 0.4523809523809524 0.5267857142857143 0.44952380952380955 0.5223214285714286 0.42333333333333334 0.5193452380952381 0.4276190476190476 0.518154761904762 0.44571428571428573 0.5148809523809523 0.44666666666666666 0.5142857142857142 0.41333333333333333 0.5095238095238095 0.39380952380952383 0.5107142857142857 0.38 0.5163690476190477 0.370952380952381 0.5169642857142858 0.3628571428571429 0.5226190476190476 0.36142857142857143
2 0.27589285714285716 0.37714285714285717 0.2791666666666667 0.38 0.2794642857142857 0.38571428571428573 0.2761904761904762 0.4247619047619048 0.28601190476190474 0.4604761904761905 0.2910714285714286 0.4666666666666667 0.2904761904761905 0.47 0.2833333333333333 0.46904761904761905 0.27589285714285716 0.44761904761904764 0.2708333333333333 0.4523809523809524 0.26726190476190476 0.4704761904761905 0.26517857142857143 0.4719047619047619 0.2630952380952381 0.4676190476190476 0.26279761904761906 0.4585714285714286 0.2669642857142857 0.4423809523809524 0.2636904761904762 0.42714285714285716 0.2654761904761905 0.4038095238095238 0.2726190476190476 0.38 0.2755952380952381 0.37761904761904763
3 0.7113095238095238 0.1742857142857143 0.7199404761904762 0.1961904761904762 0.7175595238095238 0.20857142857142857 0.7166666666666667 0.24095238095238095 0.7133928571428572 0.24095238095238095 0.7101190476190476 0.23047619047619047 0.7065476190476191 0.23809523809523808 0.7029761904761904 0.23809523809523808 0.7047619047619048 0.18904761904761905 0.7083333333333334 0.17523809523809525 0.7110119047619048 0.1742857142857143
3 0.3238095238095238 0.26761904761904765 0.32589285714285715 0.2761904761904762 0.32410714285714287 0.2895238095238095 0.3267857142857143 0.3080952380952381 0.32589285714285715 0.3242857142857143 0.32470238095238096 0.32666666666666666 0.32083333333333336 0.32476190476190475 0.3211309523809524 0.30952380952380953 0.3175595238095238 0.3047619047619048 0.3142857142857143 0.3219047619047619 0.3107142857142857 0.33 0.3092261904761905 0.32285714285714284 0.31220238095238095 0.29904761904761906 0.3107142857142857 0.2947619047619048 0.30625 0.2966666666666667 0.30654761904761907 0.2866666666666667 0.31934523809523807 0.2680952380952381 0.3235119047619048 0.26761904761904765
3 0.49464285714285716 0.46476190476190476 0.49702380952380953 0.4666666666666667 0.4973214285714286 0.4742857142857143 0.5023809523809524 0.4838095238095238 0.5038690476190476 0.4976190476190476 0.5017857142857143 0.51 0.5035714285714286 0.53 0.4994047619047619 0.54 0.5 0.5585714285714286 0.49583333333333335 0.5576190476190476 0.49375 0.5480952380952381 0.48928571428571427 0.5395238095238095 0.4869047619047619 0.5085714285714286 0.48095238095238096 0.49857142857142855 0.4842261904761905 0.48238095238095235 0.48988095238095236 0.4747619047619048 0.49107142857142855 0.46714285714285714 0.4943452380952381 0.46523809523809523
1 0.17142857142857143 0.34523809523809523 0.1699404761904762 0.36 0.17172619047619048 0.38285714285714284 0.1675595238095238 0.38285714285714284 0.16488095238095238 0.3861904761904762 0.16547619047619047 0.41095238095238096 0.15803571428571428 0.4238095238095238 0.15773809523809523 0.4319047619047619 0.15119047619047618 0.42952380952380953 0.1494047619047619 0.42523809523809525 0.1574404761904762 0.40476190476190477 0.15178571428571427 0.3871428571428571 0.15178571428571427 0.38095238095238093 0.15446428571428572 0.36952380952380953 0.16517857142857142 0.3461904761904762 0.16815476190476192 0.3438095238095238 0.17113095238095238 0.34523809523809523