0 0.5794642857142858 0.3680952380952381 0.5836309523809524 0.37285714285714283 0.5827380952380953 0.37666666666666665 0.5794642857142858 0.3780952380952381 0.575297619047619 0.3761904761904762 0.5758928571428571 0.37 0.5791666666666667 0.3680952380952381
2 0.8654761904761905 0.35904761904761906 0.8690476190476191 0.3661904761904762 0.86875 0.3980952380952381 0.8758928571428571 0.42142857142857143 0.8744047619047619 0.42523809523809525 0.8696428571428572 0.4266666666666667 0.8544642857142857 0.4004761904761905 0.8559523809523809 0.38142857142857145 0.8488095238095238 0.37714285714285717 0.8556547619047619 0.36904761904761907 0.8574404761904761 0.3485714285714286 0.861904761904762 0.3485714285714286 0.8651785714285715 0.35904761904761906
2 0.6961309523809524 0.3333333333333333 0.7029761904761904 0.34523809523809523 0.70625 0.36142857142857143 0.7068452380952381 0.38047619047619047 0.7125 0.3919047619047619 0.7110119047619048 0.39666666666666667 0.7077380952380953 0.3980952380952381 0.7047619047619048 0.39714285714285713 0.7020833333333333 0.3880952380952381 0.6931547619047619 0.38 0.6958333333333333 0.36523809523809525 0.6910714285714286 0.3523809523809524 0.6910714285714286 0.3342857142857143 0.6958333333333333 0.3333333333333333
2 0.9738095238095238 0.22952380952380952 0.9758928571428571 0.23047619047619047 0.9800595238095238 0.24714285714285714 0.9758928571428571 0.27285714285714285 0.9809523809523809 0.2833333333333333 0.981845238095238 0.2914285714285714 0.9791666666666666 0.2923809523809524 0.9738095238095238 0.2833333333333333 0.9705357142857143 0.2957142857142857 0.9654761904761905 0.29333333333333333 0.968452380952381 0.27095238095238094 0.9669642857142857 0.24095238095238095 0.9705357142857143 0.23142857142857143 0.9735119047619047 0.23
2 0.5988095238095238 0.42238095238095236 0.6026785714285714 0.430952380952381 0.6101190476190477 0.439047619047619 0.6166666666666667 0.4561904761904762 0.611904761904762 0.4580952380952381 0.6095238095238096 0.46714285714285714 0.6178571428571429 0.4828571428571429 0.6190476190476191 0.48904761904761906 0.6107142857142858 0.4961904761904762 0.6071428571428571 0.49476190476190474 0.5988095238095238 0.4747619047619048 0.5982142857142857 0.4561904761904762 0.5958333333333333 0.4533333333333333 0.5919642857142857 0.45380952380952383 0.5943452380952381 0.43476190476190474 0.59375 0.42523809523809525 0.5985119047619047 0.42238095238095236
2 0.5711309523809524 0.31 0.5741071428571428 0.31142857142857144 0.5815476190476191 0.3238095238095238 0.5827380952380953 0.3380952380952381 0.5800595238095239 0.3519047619047619 0.5830357142857143 0.36238095238095236 0.5833333333333334 0.3757142857142857 0.5779761904761904 0.37761904761904763 0.5711309523809524 0.37333333333333335 0.5729166666666666 0.3638095238095238 0.5702380952380952 0.3380952380952381 0.5678571428571428 0.33285714285714285 0.5636904761904762 0.3314285714285714 0.5708333333333333 0.31047619047619046
2 0.7895833333333333 0.5733333333333334 0.7985119047619048 0.5852380952380952 0.7946428571428571 0.6266666666666667 0.8026785714285715 0.6480952380952381 0.7976190476190477 0.6514285714285715 0.7922619047619047 0.6485714285714286 0.7919642857142857 0.6409523809523809 0.7839285714285714 0.6195238095238095 0.7836309523809524 0.6033333333333334 0.7761904761904762 0.5923809523809523 0.78125 0.5785714285714286 0.78125 0.5671428571428572 0.7863095238095238 0.5661904761904762 0.7892857142857143 0.5733333333333334
2 0.9973214285714286 0.38666666666666666 0.999702380952381 0.3871428571428571 0.999702380952381 0.46904761904761905 0.9895833333333334 0.4638095238095238 0.9904761904761905 0.44095238095238093 0.9863095238095239 0.4114285714285714 0.9877976190476191 0.4038095238095238 0.9922619047619048 0.39714285714285713 0.99375 0.38761904761904764 0.9970238095238095 0.38666666666666666
2 0.4217261904761905 0.6314285714285715 0.4294642857142857 0.6371428571428571 0.43273809523809526 0.6433333333333333 0.43333333333333335 0.6614285714285715 0.4297619047619048 0.6728571428571428 0.42916666666666664 0.6819047619047619 0.4395833333333333 0.6995238095238095 0.4398809523809524 0.7033333333333334 0.4380952380952381 0.7052380952380952 0.4336309523809524 0.7038095238095238 0.42470238095238094 0.6919047619047619 0.4205357142857143 0.6819047619047619 0.4160714285714286 0.6585714285714286 0.41369047619047616 0.6552380952380953 0.4074404761904762 0.6538095238095238 0.4038690476190476 0.6480952380952381 0.4044642857142857 0.6414285714285715 0.4119047619047619 0.6366666666666667 0.412797619047619 0.6261904761904762 0.4181547619047619 0.6261904761904762 0.42142857142857143 0.6314285714285715
2 0.3080357142857143 0.7204761904761905 0.3145833333333333 0.729047619047619 0.32767857142857143 0.7342857142857143 0.3366071428571429 0.7476190476190476 0.3351190476190476 0.7519047619047619 0.3282738095238095 0.7528571428571429 0.3282738095238095 0.7623809523809524 0.32470238095238096 0.7714285714285715 0.32529761904761906 0.7780952380952381 0.32976190476190476 0.7857142857142857 0.33035714285714285 0.8033333333333333 0.33035714285714285 0.8076190476190476 0.32529761904761906 0.8114285714285714 0.3211309523809524 0.8104761904761905 0.32261904761904764 0.800952380952381 0.31547619047619047 0.7833333333333333 0.3145833333333333 0.7557142857142857 0.31160714285714286 0.7523809523809524 0.30505952380952384 0.7547619047619047 0.3047619047619048 0.7433333333333333 0.3068452380952381 0.7352380952380952 0.30565476190476193 0.7228571428571429 0.30773809523809526 0.7204761904761905
2 0.794047619047619 0.38333333333333336 0.8035714285714286 0.39285714285714285 0.8077380952380953 0.4004761904761905 0.8107142857142857 0.41285714285714287 0.8107142857142857 0.43 0.8157738095238095 0.44571428571428573 0.8145833333333333 0.4514285714285714 0.8104166666666667 0.4519047619047619 0.8044642857142857 0.43333333333333335 0.8002976190476191 0.43 0.7982142857142858 0.43666666666666665 0.7976190476190477 0.4519047619047619 0.7949404761904761 0.4542857142857143 0.7910714285714285 0.45285714285714285 0.7919642857142857 0.4266666666666667 0.7970238095238096 0.4114285714285714 0.7907738095238095 0.38857142857142857 0.7913690476190476 0.3842857142857143 0.79375 0.38333333333333336
2 0.5336309523809524 0.3580952380952381 0.5363095238095238 0.3566666666666667 0.5431547619047619 0.36666666666666664 0.5541666666666667 0.4004761904761905 0.5654761904761905 0.42428571428571427 0.5642857142857143 0.4276190476190476 0.5607142857142857 0.4261904761904762 0.5479166666666667 0.4042857142857143 0.5416666666666666 0.4004761904761905 0.5375 0.40476190476190477 0.537797619047619 0.4219047619047619 0.5363095238095238 0.4238095238095238 0.531547619047619 0.4219047619047619 0.5327380952380952 0.4142857142857143 0.530952380952381 0.3976190476190476 0.5357142857142857 0.38666666666666666 0.5327380952380952 0.37142857142857144 0.5336309523809524 0.3585714285714286
2 0.5571428571428572 0.44 0.5604166666666667 0.44095238095238093 0.5639880952380952 0.44761904761904764 0.5714285714285714 0.4480952380952381 0.5744047619047619 0.4519047619047619 0.5794642857142858 0.4666666666666667 0.5764880952380952 0.4714285714285714 0.5770833333333333 0.48428571428571426 0.5803571428571429 0.4919047619047619 0.5916666666666667 0.5052380952380953 0.5901785714285714 0.5119047619047619 0.5854166666666667 0.5119047619047619 0.5830357142857143 0.5061904761904762 0.5741071428571428 0.49952380952380954 0.5645833333333333 0.4876190476190476 0.5625 0.47333333333333333 0.5592261904761905 0.46714285714285714 0.5467261904761904 0.46523809523809523 0.5470238095238096 0.46095238095238095 0.5553571428571429 0.4523809523809524 0.5568452380952381 0.44047619047619047
2 0.8348214285714286 0.3738095238095238 0.8407738095238095 0.39476190476190476 0.8428571428571429 0.41523809523809524 0.8467261904761905 0.4219047619047619 0.8464285714285714 0.42523809523809525 0.8389880952380953 0.43047619047619046 0.8383928571428572 0.4480952380952381 0.83125 0.44904761904761903 0.8327380952380953 0.43857142857142856 0.8297619047619048 0.4228571428571429 0.8324404761904762 0.4076190476190476 0.8261904761904761 0.40095238095238095 0.830654761904762 0.3923809523809524 0.830952380952381 0.37714285714285717 0.8345238095238096 0.3742857142857143
3 0.7142857142857143 0.5595238095238095 0.7169642857142857 0.5604761904761905 0.718452380952381 0.569047619047619 0.7244047619047619 0.5819047619047619 0.725297619047619 0.6076190476190476 0.7297619047619047 0.6371428571428571 0.7297619047619047 0.6485714285714286 0.7276785714285714 0.6514285714285715 0.7235119047619047 0.6476190476190476 0.7208333333333333 0.6247619047619047 0.7172619047619048 0.6180952380952381 0.7151785714285714 0.6209523809523809 0.718452380952381 0.6442857142857142 0.7169642857142857 0.6471428571428571 0.7130952380952381 0.6471428571428571 0.7080357142857143 0.6209523809523809 0.7098214285714286 0.6023809523809524 0.7086309523809524 0.5795238095238096 0.7119047619047619 0.5614285714285714 0.7139880952380953 0.5595238095238095
3 0.700297619047619 0.18142857142857144 0.705654761904762 0.19238095238095237 0.7092261904761905 0.21285714285714286 0.7196428571428571 0.2276190476190476 0.7166666666666667 0.23095238095238096 0.7026785714285714 0.21619047619047618 0.7008928571428571 0.2195238095238095 0.7014880952380952 0.23047619047619047 0.7 0.2338095238095238 0.6961309523809524 0.23285714285714285 0.69375 0.21761904761904763 0.6863095238095238 0.21 0.6889880952380952 0.20285714285714285 0.6964285714285714 0.19904761904761906 0.6961309523809524 0.1819047619047619 0.7 0.18142857142857144